10.327
10.331
10.335
10.339
10.344
10.348
10.352
10.356
10.36
10.365
10.369
10.373
10.377
10.381
10.385
10.39
10.394
10.398
10.402
10.406
10.41
10.415
10.419
10.423
10.427
10.431
10.435
10.44
10.444
10.448
10.452
10.456
10.46
10.465
10.469
10.473
10.477
10.481
10.485
10.49
10.494
10.498
10.502
10.506
10.51
10.515
10.519
10.523
10.527
10.531
10.536
10.54
10.544
10.548
10.552
10.556
10.561
10.565
10.569
10.573
10.577
10.581
10.586
10.59
10.594
10.598
10.602
10.606
10.611
10.615
10.619
10.623
10.627
10.631
10.636
10.64
10.644
10.648
10.652
10.656
10.661
10.665
10.669
10.673
10.677
10.681
10.686
10.69
10.694
10.698
10.702
10.707
10.711
10.715
10.719
10.723
10.727
10.732
10.736
10.74
10.744
10.748
10.752
10.757
10.761
10.765
10.769
10.773
10.777
10.782
10.786
10.79
10.794
10.798
10.802
10.807
10.811
10.815
10.819
10.823
10.827
10.832
10.836
10.84
10.844
10.848
10.853
10.857
10.861
10.865
10.869
10.873
10.878
10.882
10.886
10.89
10.894
10.898
10.903
10.907
10.911
10.915
10.919
10.923
10.928
10.932
10.936
10.94
10.944
10.948
10.953
10.957
10.961
10.965
10.969
10.973
10.978
10.982
10.986
10.99
10.994
10.998
11.003
11.007
11.011
11.015
11.019
11.024
11.028
11.032
