0.001, 67.562, 2.951, 3.506, 2.951, 2.969
0.003, 67.683, 2.825, 3.542, 3.022, 2.987
0.005, 67.603, 2.843, 3.488, 2.449, 2.951
0.007, 67.683, 3.094, 3.488, 2.897, 3.004
0.009, 67.683, 2.861, 3.470, 3.040, 2.987
0.011, 67.361, 2.700, 3.560, 2.987, 3.004
0.013, 67.119, 3.022, 3.452, 2.503, 3.022
0.015, 67.321, 2.646, 3.506, 2.969, 2.951
0.017, 67.764, 2.843, 3.470, 2.951, 3.040
0.019, 67.441, 3.004, 3.506, 2.915, 3.094
0.021, 63.533, 3.560, 3.327, 3.255, 3.452
0.023, 61.075, 4.419, 3.434, 3.918, 3.810
0.025, 62.405, 5.386, 4.348, 5.028, 4.939
0.027, 64.016, 5.583, 5.404, 5.762, 5.744
0.029, 64.097, 6.855, 6.013, 6.497, 6.514
0.031, 61.760, 7.858, 6.389, 6.998, 7.141
0.033, 60.430, 8.968, 7.302, 8.019, 8.072
0.035, 60.632, 9.738, 8.323, 9.254, 9.308
0.037, 61.720, 10.991, 9.451, 10.311, 10.418
0.039, 61.438, 12.388, 10.096, 10.848, 11.636
0.041, 59.705, 13.642, 10.956, 12.030, 12.281
0.043, 56.764, 14.251, 12.012, 12.567, 13.588
0.045, 57.650, 15.612, 13.140, 14.591, 14.806
0.047, 58.617, 16.955, 14.000, 15.182, 16.006
0.049, 58.658, 18.173, 14.645, 16.203, 16.615
0.051, 56.925, 18.907, 15.737, 17.349, 17.976
0.053, 55.877, 20.142, 16.847, 18.280, 18.978
0.055, 55.716, 20.966, 17.779, 19.086, 19.856
0.057, 55.918, 22.542, 18.602, 20.089, 20.536
0.059, 55.636, 23.205, 19.480, 21.253, 21.772
0.061, 54.628, 24.333, 20.447, 22.202, 22.632
0.063, 54.145, 30.977, 21.163, 22.847, 23.849
0.065, 54.104, 30.350, 20.733, 23.724, 24.154
0.067, 54.346, 28.398, 22.703, 24.422, 25.264
0.069, 53.500, 27.843, 23.688, 25.300, 26.142
0.071, 53.057, 29.222, 24.673, 26.142, 26.858
0.073, 52.573, 30.135, 25.031, 26.589, 26.034
0.075, 52.493, 30.798, 25.766, 27.180, 26.679
0.077, 52.170, 30.869, 25.855, 27.950, 28.398
0.079, 51.808, 32.177, 27.324, 28.631, 29.473
0.081, 51.284, 33.251, 28.846, 28.846, 29.705
0.083, 51.042, 34.272, 28.577, 27.789, 29.813
0.085, 51.082, 34.129, 29.347, 28.613, 28.309
0.087, 50.478, 35.490, 30.010, 29.132, 29.741
0.089, 50.115, 34.809, 30.189, 28.398, 30.690
0.091, 49.511, 35.472, 30.923, 29.992, 30.941
0.093, 49.753, 35.830, 31.657, 31.550, 32.015
0.095, 49.471, 36.313, 32.499, 31.854, 32.571
0.097, 49.350, 35.293, 33.305, 33.054, 33.197
0.099, 48.907, 37.191, 33.645, 33.376, 34.630
0.101, 48.584, 37.352, 33.806, 33.556, 35.203
0.103, 48.383, 37.119, 34.737, 34.272, 35.830
0.105, 48.222, 39.734, 35.203, 34.720, 35.991
0.107, 48.141, 38.606, 35.382, 34.720, 36.224
0.109, 47.738, 40.271, 35.776, 35.096, 34.827
0.111, 47.738, 43.674, 35.167, 35.651, 37.280
0.113, 47.577, 41.614, 35.472, 35.866, 37.925
0.115, 47.375, 39.823, 35.812, 36.170, 38.176
0.117, 47.134, 40.844, 36.152, 36.313, 38.265
0.119, 46.892, 40.217, 36.761, 36.815, 38.498
0.121, 47.456, 41.131, 36.707, 36.815, 38.749
0.123, 49.108, 40.002, 36.672, 36.707, 38.319
0.125, 47.093, 41.256, 36.295, 35.955, 39.107
0.127, 45.804, 40.038, 35.758, 35.705, 37.746
0.129, 47.013, 38.946, 35.203, 35.185, 37.066
0.131, 48.504, 38.104, 34.863, 34.755, 36.528
0.133, 48.383, 39.304, 34.200, 34.379, 36.600
0.135, 46.610, 37.316, 33.878, 34.326, 36.421
0.137, 46.731, 38.606, 34.147, 34.415, 36.313
0.139, 47.940, 38.838, 34.093, 34.720, 36.421
0.141, 48.020, 38.982, 34.075, 34.433, 36.492
0.143, 47.899, 38.731, 34.111, 34.344, 36.242
0.145, 47.899, 38.409, 34.003, 33.950, 36.134
0.147, 46.973, 37.979, 33.967, 33.860, 35.418
0.149, 47.456, 38.283, 33.323, 34.218, 35.293
0.151, 48.262, 37.191, 33.090, 33.394, 34.881
0.153, 48.423, 36.439, 32.732, 33.090, 34.791
0.155, 47.819, 36.367, 32.606, 32.893, 35.311
0.157, 47.134, 35.955, 32.374, 32.821, 34.111
0.159, 47.295, 35.794, 33.538, 32.786, 33.824
0.161, 48.101, 35.669, 32.463, 32.732, 34.039
0.163, 47.940, 35.418, 32.463, 32.839, 33.824
0.165, 47.778, 35.454, 32.409, 32.696, 33.735
0.167, 46.811, 35.525, 32.338, 32.750, 33.609
0.169, 47.617, 34.845, 32.033, 32.553, 33.430
0.171, 48.302, 34.558, 31.962, 32.427, 32.159
0.173, 47.577, 34.326, 31.693, 32.409, 32.642
0.175, 47.053, 34.003, 31.389, 32.069, 32.338
0.177, 47.295, 34.075, 31.102, 31.926, 32.248
0.179, 47.738, 33.663, 31.174, 31.711, 31.962
0.181, 47.738, 33.609, 31.120, 31.317, 31.442
0.183, 47.778, 33.287, 31.102, 31.998, 31.407
0.185, 47.698, 32.463, 30.977, 31.980, 31.586
0.187, 47.738, 31.944, 31.066, 32.123, 31.407
0.189, 47.899, 67.778, 30.923, 31.998, 31.299
0.191, 47.940, 67.778, 29.920, 31.854, 31.031
0.193, 47.778, 67.778, 30.959, 32.051, 30.726
0.195, 63.936, 67.778, 30.063, 31.783, 29.025
0.197, 47.819, 31.586, 30.601, 31.657, 28.667
0.199, 47.819, 31.299, 30.511, 31.586, 29.204
0.201, 47.698, 30.654, 30.529, 32.714, 29.759
0.203, 47.778, 28.899, 29.956, 31.460, 29.276
0.205, 47.698, 30.744, 30.350, 33.018, 29.508
0.207, 47.698, 30.834, 30.260, 31.550, 29.329
0.209, 47.738, 30.637, 30.296, 31.407, 32.320
0.211, 46.852, 30.260, 29.938, 31.442, 29.526
0.213, 47.617, 30.171, 30.314, 31.174, 29.276
0.215, 47.899, 29.920, 30.243, 31.156, 29.222
0.217, 47.859, 30.028, 30.081, 31.174, 29.222
0.219, 47.778, 29.813, 30.225, 31.174, 29.526
0.221, 47.617, 29.705, 30.171, 31.389, 29.276
0.223, 47.819, 29.562, 30.099, 31.335, 29.222
0.225, 47.899, 29.293, 30.207, 31.299, 31.102
0.227, 47.980, 29.562, 30.099, 31.317, 28.989
0.229, 47.819, 29.365, 30.189, 31.192, 29.114
0.231, 47.819, 29.347, 30.207, 31.425, 29.777
0.233, 47.859, 29.276, 30.243, 31.389, 30.314
0.235, 47.980, 29.132, 30.260, 31.425, 30.493
0.237, 47.940, 29.168, 31.228, 31.335, 29.401
0.239, 47.859, 29.007, 29.992, 31.371, 30.457
0.241, 47.899, 28.810, 29.831, 31.281, 29.849
0.243, 47.899, 28.828, 29.813, 31.192, 29.777
0.245, 47.980, 28.488, 29.884, 31.228, 29.347
0.247, 47.899, 28.828, 29.813, 31.228, 29.186
0.249, 47.859, 28.756, 29.813, 31.192, 28.112
0.251, 47.980, 28.738, 29.723, 31.120, 27.019
0.253, 47.940, 28.774, 29.777, 31.299, 27.198
0.255, 47.899, 28.810, 29.741, 30.959, 26.195
0.257, 47.940, 28.810, 29.902, 31.031, 24.816
0.259, 47.859, 28.702, 29.974, 31.066, 21.736
0.261, 47.738, 28.559, 29.705, 30.995, 23.760
0.263, 47.859, 28.470, 29.687, 31.102, 26.303
0.265, 47.899, 28.416, 29.795, 31.138, 28.058
0.267, 47.940, 28.488, 29.867, 31.013, 27.180
0.269, 47.819, 29.168, 29.759, 31.031, 26.786
0.271, 47.899, 28.488, 29.723, 30.637, 27.198
0.273, 47.899, 28.488, 29.777, 31.048, 25.730
0.275, 47.899, 28.488, 29.652, 30.583, 24.799
0.277, 48.020, 28.523, 29.634, 29.670, 25.103
0.279, 47.899, 26.786, 29.723, 30.744, 26.160
0.281, 48.060, 28.219, 29.849, 32.069, 28.183
0.283, 47.980, 27.932, 29.562, 31.031, 27.825
0.285, 47.940, 27.950, 29.562, 30.977, 27.610
0.287, 47.899, 27.986, 29.705, 31.013, 27.915
0.289, 47.859, 28.237, 29.795, 30.135, 27.986
0.291, 47.940, 28.380, 29.741, 30.314, 27.879
0.293, 48.020, 28.434, 29.705, 30.923, 28.022
0.295, 47.940, 28.452, 29.687, 31.031, 27.646
0.297, 47.859, 28.380, 29.401, 30.995, 27.718
0.299, 47.899, 28.667, 29.132, 31.013, 27.646
0.301, 47.859, 28.452, 29.007, 31.263, 27.700
0.303, 47.859, 28.452, 27.861, 30.959, 27.664
0.305, 47.899, 28.380, 29.687, 30.905, 27.825
0.307, 47.980, 28.362, 29.634, 30.905, 27.538
0.309, 47.940, 28.398, 29.687, 30.941, 27.843
0.311, 47.980, 28.362, 29.723, 30.959, 27.646
0.313, 47.577, 28.309, 29.634, 30.869, 27.718
0.315, 47.899, 28.344, 29.580, 30.869, 27.753
0.317, 48.181, 28.398, 29.455, 30.744, 27.753
0.319, 47.859, 28.362, 29.544, 30.690, 27.771
0.321, 46.408, 27.807, 29.562, 32.320, 27.592
0.323, 47.617, 28.219, 29.580, 31.084, 27.467
0.325, 46.932, 28.165, 29.526, 30.851, 25.604
0.327, 48.947, 27.359, 28.882, 30.493, 25.193
0.329, 47.375, 26.267, 28.291, 29.347, 24.333
0.331, 47.093, 25.318, 27.234, 28.094, 24.351
0.333, 46.973, 24.960, 26.321, 27.234, 24.064
0.335, 47.899, 24.028, 25.354, 26.804, 22.614
0.337, 48.222, 22.524, 23.670, 25.891, 21.915
0.339, 47.496, 21.486, 24.154, 25.354, 22.005
0.341, 47.174, 20.662, 23.921, 24.208, 20.393
0.343, 47.496, 21.468, 22.220, 23.849, 20.160
0.345, 47.375, 20.841, 21.127, 23.133, 19.426
0.347, 48.222, 20.142, 20.554, 22.363, 20.035
0.349, 47.980, 19.820, 20.483, 21.754, 19.247
0.351, 46.932, 19.229, 20.071, 21.432, 18.549
0.353, 47.295, 18.656, 19.677, 20.823, 17.940
0.355, 48.060, 17.832, 19.086, 20.053, 18.298
0.357, 47.980, 17.653, 18.567, 19.247, 16.991
0.359, 47.738, 16.561, 17.797, 19.086, 16.632
0.361, 47.375, 16.615, 18.119, 18.925, 15.200
0.363, 47.778, 16.024, 17.582, 17.958, 15.665
0.365, 47.940, 15.845, 17.152, 17.098, 15.701
0.367, 47.940, 15.325, 16.615, 16.937, 14.931
0.369, 47.658, 14.949, 16.203, 16.865, 14.358
0.371, 47.375, 14.287, 15.755, 16.059, 14.090
0.373, 47.778, 14.179, 13.910, 15.558, 13.534
0.375, 48.101, 13.731, 14.681, 15.039, 13.516
0.377, 47.899, 13.803, 14.394, 14.770, 13.015
0.379, 47.456, 12.961, 15.254, 14.251, 12.711
0.381, 47.698, 12.621, 20.465, 13.910, 12.621
0.383, 47.698, 12.496, 19.748, 12.639, 13.123
0.385, 47.617, 11.923, 18.155, 13.319, 11.708
0.387, 47.617, 11.726, 13.982, 12.567, 11.009
0.389, 47.658, 11.368, 13.588, 12.496, 11.761
0.391, 47.899, 11.081, 13.051, 12.173, 11.582
0.393, 47.738, 11.600, 12.800, 11.994, 11.206
0.395, 47.738, 10.472, 14.090, 11.654, 10.866
0.397, 47.577, 10.239, 11.224, 11.242, 10.777
0.399, 47.617, 10.150, 10.794, 10.938, 10.526
0.401, 47.940, 11.153, 10.150, 10.705, 10.096
0.403, 47.819, 9.451, 67.778, 10.436, 9.971
0.405, 47.738, 9.165, 67.778, 10.132, 9.254
0.407, 47.658, 9.774, 67.778, 9.899, 9.595
0.409, 47.940, 8.842, 67.778, 9.613, 9.505
0.411, 47.819, 8.699, 67.778, 9.219, 9.792
0.413, 47.819, 8.520, 9.433, 9.236, 8.860
0.415, 47.859, 8.198, 9.219, 9.022, 8.842
0.417, 47.859, 8.090, 9.039, 8.771, 8.646
0.419, 47.859, 8.037, 8.646, 8.735, 8.628
0.421, 47.859, 7.929, 8.395, 8.502, 8.269
0.423, 47.778, 7.714, 8.198, 8.359, 8.180
0.425, 47.778, 7.607, 7.965, 8.055, 8.198
0.427, 47.940, 7.302, 7.911, 7.929, 7.553
0.429, 47.940, 7.231, 7.804, 7.768, 8.914
0.431, 47.819, 7.195, 7.625, 7.589, 7.553
0.433, 47.819, 7.016, 7.553, 7.320, 7.571
0.435, 47.899, 6.962, 7.517, 7.284, 7.195
0.437, 47.980, 6.855, 7.392, 7.070, 7.070
0.439, 47.859, 6.694, 7.088, 7.070, 7.105
0.441, 47.819, 6.711, 7.070, 6.926, 6.855
0.443, 47.899, 7.267, 6.980, 6.765, 7.016
0.445, 47.899, 6.532, 6.783, 6.747, 6.783
0.447, 47.899, 6.479, 6.765, 6.407, 6.711
0.449, 47.980, 6.264, 6.497, 6.497, 6.353
0.451, 47.859, 6.317, 6.640, 6.461, 6.658
0.453, 47.859, 6.013, 6.479, 6.461, 6.425
0.455, 47.899, 6.156, 6.103, 5.726, 6.371
0.457, 48.020, 6.425, 6.371, 5.583, 6.317
0.459, 47.980, 6.407, 6.532, 6.192, 6.246
0.461, 47.980, 6.031, 6.264, 6.120, 6.228
0.463, 47.899, 6.031, 6.031, 5.995, 6.120
0.465, 48.060, 5.816, 6.067, 5.762, 5.995
0.467, 48.020, 5.691, 5.995, 5.959, 5.888
0.469, 47.859, 5.673, 5.959, 5.852, 5.726
0.471, 47.980, 5.422, 5.834, 5.637, 5.852
0.473, 47.899, 5.619, 6.389, 5.619, 5.816
0.475, 47.859, 5.547, 5.673, 5.010, 5.977
0.477, 47.899, 5.171, 5.637, 5.422, 6.067
0.479, 47.859, 5.315, 5.494, 5.153, 5.995
0.481, 47.819, 5.279, 4.365, 5.100, 6.013
0.483, 47.819, 5.153, 5.512, 5.207, 5.673
0.485, 47.738, 5.136, 5.386, 5.261, 5.744
0.487, 47.819, 5.225, 5.386, 5.153, 5.726
0.489, 47.859, 5.136, 5.225, 5.118, 5.637
0.491, 47.778, 5.171, 5.207, 5.064, 5.637
0.493, 47.940, 5.082, 5.243, 5.100, 5.458
0.495, 47.899, 4.992, 4.670, 5.064, 5.476
0.497, 47.859, 5.010, 5.153, 5.064, 5.476
0.499, 47.819, 4.974, 5.118, 5.171, 5.476
0.501, 47.859, 4.903, 4.294, 4.974, 5.601
0.503, 47.819, 4.885, 5.118, 4.921, 5.458
0.505, 47.859, 4.724, 5.046, 4.974, 5.350
0.507, 47.859, 4.795, 4.831, 4.777, 5.583
0.509, 47.819, 4.831, 4.867, 5.834, 4.921
0.511, 47.899, 4.795, 5.261, 4.634, 5.297
0.513, 47.940, 4.813, 5.136, 4.813, 5.028
0.515, 47.819, 4.813, 5.136, 4.598, 5.046
0.517, 47.899, 4.688, 5.082, 4.670, 4.849
0.519, 47.899, 4.616, 5.046, 4.616, 5.046
0.521, 47.738, 4.527, 4.903, 4.634, 4.956
0.523, 47.698, 4.688, 5.028, 4.670, 4.974
0.525, 47.940, 4.509, 5.100, 4.634, 4.939
0.527, 47.859, 4.598, 5.118, 4.706, 4.849
0.529, 47.778, 4.562, 5.028, 5.028, 4.956
0.531, 47.819, 4.616, 5.171, 4.562, 4.706
0.533, 47.819, 4.545, 5.189, 4.562, 4.992
0.535, 47.899, 4.455, 5.082, 4.491, 4.688
0.537, 47.940, 4.670, 4.939, 4.437, 4.670
0.539, 47.859, 4.509, 5.064, 4.222, 4.616
0.541, 47.899, 4.437, 5.064, 4.383, 5.637
0.543, 47.819, 4.204, 4.921, 4.401, 4.652
0.545, 47.738, 4.813, 4.921, 4.365, 4.222
0.547, 47.859, 4.365, 4.867, 4.849, 4.455
0.549, 47.778, 4.509, 4.867, 4.222, 4.634
0.551, 47.859, 4.294, 4.688, 4.258, 4.562
0.553, 47.899, 4.455, 4.831, 4.151, 4.509
0.555, 47.859, 4.312, 4.795, 3.667, 4.598
0.557, 47.899, 4.312, 4.616, 5.225, 4.652
0.559, 47.899, 4.240, 4.509, 4.258, 4.634
0.561, 47.940, 4.186, 4.437, 4.097, 4.562
0.563, 47.940, 4.115, 4.455, 4.204, 4.795
0.565, 47.658, 4.186, 3.363, 4.133, 4.670
0.567, 47.940, 4.437, 5.279, 4.079, 4.652
0.569, 48.020, 4.168, 4.383, 3.989, 4.706
0.571, 47.980, 4.186, 4.365, 4.115, 4.634
0.573, 47.940, 4.115, 4.294, 4.151, 5.046
0.575, 48.020, 4.204, 4.348, 4.043, 4.652
0.577, 48.020, 4.097, 4.348, 4.079, 4.759
0.579, 47.940, 4.043, 4.258, 4.007, 4.670
0.581, 48.020, 3.900, 4.258, 4.061, 4.885
0.583, 48.141, 4.007, 4.097, 3.667, 4.867
0.585, 48.020, 4.007, 4.115, 3.792, 4.777
0.587, 47.980, 3.900, 4.330, 3.989, 4.849
0.589, 48.060, 3.972, 5.243, 3.918, 4.759
0.591, 48.020, 3.900, 6.962, 3.828, 4.688
0.593, 48.020, 3.900, 5.673, 3.954, 4.813
0.595, 48.060, 3.882, 5.440, 3.864, 4.759
0.597, 48.101, 3.936, 5.458, 3.846, 4.956
0.599, 47.899, 3.918, 5.028, 3.900, 4.706
0.601, 47.859, 3.846, 5.046, 3.918, 4.616
0.603, 47.980, 3.810, 4.974, 3.864, 4.491
0.605, 48.020, 3.846, 5.601, 3.918, 4.634
0.607, 48.060, 3.828, 4.921, 3.882, 4.652
0.609, 48.060, 3.792, 4.903, 3.721, 4.652
0.611, 47.899, 3.828, 5.028, 3.810, 4.670
0.613, 47.899, 3.703, 8.449, 3.685, 4.491
0.615, 47.778, 3.578, 7.481, 3.649, 4.491
0.617, 47.859, 3.560, 7.947, 3.685, 4.419
0.619, 47.980, 3.255, 7.983, 3.631, 4.419
0.621, 47.899, 3.631, 6.801, 3.470, 4.312
0.623, 47.940, 3.452, 4.222, 3.649, 4.562
0.625, 47.899, 3.488, 4.204, 3.578, 4.419
0.627, 47.899, 3.560, 4.598, 3.667, 4.473
0.629, 47.940, 3.363, 4.473, 3.542, 5.279
0.631, 47.940, 3.416, 4.204, 3.470, 7.249
0.633, 47.940, 3.524, 3.972, 3.560, 5.243
0.635, 47.899, 3.416, 11.009, 3.470, 5.315
0.637, 47.859, 3.381, 8.968, 3.416, 4.831
0.639, 47.980, 3.381, 9.541, 3.488, 5.404
0.641, 47.819, 3.219, 8.968, 3.381, 5.404
0.643, 47.899, 3.273, 9.308, 3.363, 5.279
0.645, 47.899, 3.363, 7.374, 3.237, 5.297
0.647, 47.899, 3.201, 7.947, 3.613, 5.333
0.649, 47.940, 3.201, 10.007, 3.219, 5.189
0.651, 48.020, 3.255, 10.257, 3.201, 4.849
0.653, 47.940, 3.076, 4.437, 3.273, 4.419
0.655, 47.980, 3.076, 4.545, 3.291, 4.742
0.657, 48.020, 3.184, 4.437, 3.201, 4.724
0.659, 47.859, 3.058, 4.616, 2.951, 5.386
0.661, 47.980, 3.094, 4.974, 3.255, 4.688
0.663, 47.940, 3.112, 5.082, 3.273, 4.867
0.665, 47.859, 3.058, 5.368, 3.237, 4.885
0.667, 48.020, 3.112, 4.813, 3.237, 4.688
0.669, 47.899, 3.058, 9.236, 2.915, 4.795
0.671, 47.778, 2.933, 9.075, 3.076, 4.759
0.673, 48.060, 2.933, 9.201, 3.130, 4.795
0.675, 48.020, 3.040, 5.619, 2.951, 4.759
0.677, 48.101, 2.933, 7.858, 3.076, 4.724
0.679, 48.060, 3.022, 6.765, 3.112, 4.312
0.681, 47.940, 3.040, 5.261, 3.130, 4.885
0.683, 48.060, 3.040, 3.989, 3.040, 5.189
0.685, 48.020, 3.166, 5.189, 2.879, 4.598
0.688, 47.980, 2.915, 4.348, 3.004, 4.921
0.689, 47.899, 2.987, 3.560, 2.933, 4.885
0.692, 48.020, 1.948, 3.560, 2.969, 4.330
0.693, 48.020, 2.951, 3.488, 3.022, 3.954
0.696, 48.060, 2.951, 3.739, 2.915, 3.882
0.698, 47.859, 2.933, 3.595, 2.951, 3.398
0.700, 47.940, 2.700, 3.721, 2.897, 3.291
0.702, 47.940, 2.987, 3.237, 2.951, 3.291
0.704, 48.020, 2.969, 3.219, 2.664, 3.416
0.706, 48.060, 2.969, 3.255, 2.915, 3.416
0.708, 47.980, 2.951, 3.291, 3.058, 3.488
0.710, 48.060, 2.987, 3.273, 2.969, 3.040
0.712, 47.819, 2.915, 2.467, 3.166, 3.058
0.714, 47.980, 2.897, 2.843, 2.861, 3.022
0.716, 48.020, 2.969, 3.058, 2.897, 2.969
0.718, 48.101, 2.951, 3.076, 2.861, 3.022
0.720, 48.060, 2.987, 2.718, 2.933, 2.825
0.722, 47.980, 3.004, 2.987, 2.969, 2.987
0.724, 47.980, 2.933, 2.879, 2.557, 3.004
0.726, 48.101, 2.969, 67.778, 2.933, 3.022
0.728, 48.060, 2.825, 67.778, 2.843, 3.255
0.730, 47.980, 2.897, 67.778, 2.843, 2.825
0.732, 48.302, 2.718, 67.778, 3.595, 5.010
0.734, 48.020, 2.843, 8.681, 2.646, 3.184
0.736, 47.899, 3.004, 4.831, 2.825, 3.130
0.738, 48.101, 2.951, 5.243, 2.897, 3.184
0.740, 47.899, 2.807, 4.043, 2.879, 3.184
0.742, 47.819, 2.790, 4.330, 2.951, 6.407
0.744, 48.060, 2.933, 3.416, 2.879, 3.613
0.746, 48.141, 2.807, 3.219, 2.861, 5.243
0.748, 48.262, 2.861, 3.291, 2.915, 3.649
0.750, 48.141, 2.825, 3.022, 2.915, 3.560
0.752, 48.020, 3.112, 3.076, 2.736, 3.470
0.754, 48.141, 2.790, 2.969, 2.772, 3.166
0.756, 48.222, 2.861, 2.897, 2.879, 3.291
0.758, 48.101, 2.790, 3.470, 2.825, 3.237
0.760, 48.060, 2.825, 2.754, 2.790, 3.148
0.762, 48.101, 2.825, 2.843, 2.879, 3.112
0.764, 48.060, 2.521, 2.861, 2.861, 3.076
0.766, 48.020, 2.718, 2.718, 1.626, 3.094
0.768, 48.020, 2.718, 2.915, 2.754, 2.897
0.770, 48.141, 2.718, 2.897, 2.861, 3.040
0.772, 48.060, 2.646, 2.843, 2.843, 3.219
0.774, 48.020, 2.843, 2.879, 2.879, 3.040
0.776, 48.020, 2.933, 2.825, 2.825, 3.112
0.778, 47.940, 2.879, 2.915, 2.969, 3.130
0.780, 48.060, 2.951, 3.076, 2.843, 3.112
0.782, 47.940, 2.987, 2.879, 2.843, 3.184
0.784, 48.101, 2.843, 2.915, 2.790, 3.166
0.786, 48.060, 3.004, 2.807, 2.915, 2.951
0.788, 48.101, 2.933, 2.360, 2.843, 3.148
0.790, 47.980, 2.843, 2.915, 2.861, 3.434
0.792, 48.101, 3.040, 2.915, 2.897, 3.076
0.794, 48.101, 2.951, 3.273, 2.987, 3.148
0.796, 48.060, 2.969, 2.879, 2.646, 3.112
0.798, 48.060, 3.058, 2.861, 2.933, 3.040
0.800, 48.222, 3.076, 2.861, 2.414, 3.040
0.802, 48.020, 2.969, 2.879, 2.790, 3.184
0.804, 48.020, 2.987, 2.754, 2.951, 3.416
0.806, 47.980, 2.987, 2.843, 2.879, 4.097
0.808, 47.980, 3.004, 2.933, 2.933, 3.578
0.810, 47.980, 2.987, 3.040, 2.915, 3.255
0.812, 48.101, 3.004, 2.843, 2.915, 3.345
0.814, 48.101, 3.040, 2.843, 2.790, 3.201
0.816, 48.101, 3.022, 2.807, 2.843, 3.363
0.818, 47.940, 3.112, 2.843, 2.825, 3.273
0.820, 48.101, 3.058, 2.861, 2.843, 3.201
0.822, 48.020, 3.022, 2.897, 2.879, 3.148
0.824, 48.101, 3.004, 2.718, 3.076, 3.685
0.826, 48.101, 2.861, 2.843, 2.807, 3.148
0.828, 48.141, 2.933, 2.915, 2.951, 6.300
0.830, 48.060, 2.933, 2.897, 2.969, 5.906
0.832, 48.060, 3.058, 1.948, 3.004, 3.792
0.834, 48.060, 3.058, 2.897, 2.933, 3.434
0.836, 48.101, 3.004, 2.843, 2.772, 3.578
0.838, 48.181, 3.112, 2.772, 2.915, 3.327
0.840, 48.020, 3.022, 2.879, 2.467, 3.166
0.842, 47.899, 3.004, 2.861, 2.843, 2.933
0.844, 48.020, 2.915, 2.861, 2.933, 2.879
0.846, 48.020, 3.094, 2.861, 3.488, 2.861
0.848, 48.101, 3.040, 2.807, 2.861, 2.951
0.850, 48.141, 3.058, 2.754, 2.790, 2.933
0.852, 48.060, 2.682, 2.718, 2.825, 2.861
0.854, 48.101, 3.040, 2.718, 2.807, 2.879
0.856, 48.101, 2.969, 2.915, 2.843, 3.488
0.858, 48.141, 3.112, 2.879, 2.861, 2.754
0.860, 48.141, 3.076, 2.897, 2.825, 3.040
0.862, 48.141, 3.040, 2.843, 2.861, 2.861
0.864, 48.101, 2.915, 2.861, 2.933, 3.004
0.866, 48.222, 3.094, 2.790, 2.861, 2.969
0.868, 48.222, 3.309, 2.593, 2.825, 2.933
0.870, 48.222, 3.004, 2.879, 2.628, 2.987
0.872, 48.101, 3.040, 3.381, 2.736, 2.987
0.874, 48.020, 3.094, 2.897, 2.772, 2.933
0.876, 48.101, 3.130, 2.951, 2.951, 2.969
0.878, 48.141, 3.004, 2.987, 2.915, 3.649
0.880, 48.141, 3.094, 2.933, 2.897, 3.040
0.882, 48.302, 2.969, 2.897, 2.861, 3.112
0.884, 48.222, 3.112, 2.879, 2.933, 3.936
0.886, 48.141, 3.058, 2.933, 2.897, 2.969
0.888, 48.222, 3.112, 3.022, 2.843, 3.040
0.890, 48.181, 3.022, 2.915, 2.915, 3.004
0.892, 48.181, 3.094, 3.148, 2.969, 2.861
0.894, 48.222, 2.951, 3.040, 2.933, 3.040
0.896, 48.181, 3.004, 2.825, 2.897, 2.933
0.898, 48.222, 3.936, 3.022, 2.915, 2.987
0.900, 48.141, 3.004, 3.094, 2.987, 3.004
0.902, 48.181, 3.112, 2.951, 2.915, 2.987
0.904, 48.181, 3.040, 3.022, 2.879, 2.951
0.906, 48.141, 2.987, 2.969, 2.879, 2.933
0.908, 48.262, 2.951, 2.969, 2.736, 2.879
0.910, 48.222, 2.933, 2.987, 2.861, 2.879
0.912, 48.222, 3.040, 2.951, 2.843, 2.843
0.914, 48.141, 2.700, 2.933, 2.790, 2.915
0.916, 48.222, 2.987, 2.969, 2.897, 2.772
0.918, 48.181, 3.022, 2.807, 3.004, 2.843
0.920, 48.222, 2.503, 2.915, 2.879, 2.861
0.922, 48.141, 2.969, 2.897, 2.897, 2.754
0.924, 48.141, 3.130, 2.879, 3.130, 2.951
0.926, 48.302, 2.807, 2.933, 2.915, 2.933
0.928, 48.383, 3.058, 2.807, 2.861, 2.969
0.930, 48.222, 3.309, 2.360, 2.897, 2.843
0.932, 48.262, 2.611, 2.861, 3.739, 2.915
0.934, 48.181, 2.951, 2.843, 3.703, 3.792
0.936, 48.181, 3.739, 2.915, 2.843, 2.879
0.938, 48.302, 2.969, 2.933, 2.754, 3.040
0.940, 48.222, 3.076, 2.879, 2.879, 2.807
0.942, 48.342, 3.040, 2.861, 2.843, 3.004
0.944, 48.302, 2.915, 2.987, 2.897, 2.897
0.946, 48.141, 3.022, 2.807, 2.933, 3.076
0.948, 48.222, 3.022, 3.166, 2.754, 2.879
0.950, 48.181, 2.897, 2.951, 2.933, 3.040
0.952, 48.262, 3.022, 2.897, 2.897, 2.825
0.954, 48.222, 2.951, 2.879, 2.897, 3.022
0.956, 48.262, 2.807, 3.040, 2.825, 2.897
0.958, 48.222, 3.004, 2.772, 2.843, 2.969
0.960, 48.302, 3.004, 2.915, 2.772, 2.987
0.962, 48.181, 2.987, 2.933, 2.897, 3.058
0.964, 48.020, 2.987, 2.951, 2.933, 3.112
0.966, 48.222, 2.897, 2.843, 2.843, 3.004
0.968, 48.181, 2.969, 2.915, 2.897, 2.897
0.970, 48.262, 2.897, 2.754, 2.915, 3.004
0.972, 48.302, 2.843, 2.843, 2.879, 3.112
0.974, 48.181, 3.094, 2.736, 2.879, 3.058
0.976, 48.302, 2.987, 3.434, 2.682, 3.004
0.978, 48.342, 2.521, 2.825, 2.897, 2.969
0.980, 48.181, 2.969, 2.414, 2.915, 3.022
0.982, 48.302, 2.933, 2.915, 2.861, 3.255
0.984, 48.302, 2.987, 2.933, 2.897, 2.951
0.986, 48.222, 2.969, 2.843, 3.434, 3.506
0.988, 48.181, 2.951, 2.951, 2.825, 2.843
0.990, 48.101, 2.933, 2.987, 2.790, 2.628
0.992, 48.141, 2.951, 2.700, 2.861, 3.058
0.994, 48.141, 3.004, 2.825, 2.915, 3.219
0.996, 48.181, 2.933, 2.807, 2.646, 2.987
0.998, 48.181, 2.951, 2.825, 2.861, 2.969
1.000, 48.222, 2.843, 2.879, 2.503, 3.004
