0.002, 80.778, 2.879, 2.915, 3.058, 3.470
0.004, 80.819, 2.843, 2.951, 2.843, 3.381
0.006, 80.778, 2.915, 2.951, 3.506, 3.506
0.008, 80.819, 2.861, 3.022, 3.094, 3.560
0.010, 80.819, 2.700, 2.969, 3.112, 3.506
0.012, 80.456, 2.682, 2.879, 3.076, 3.398
0.014, 80.537, 2.969, 2.790, 3.148, 3.416
0.016, 81.020, 2.861, 2.969, 3.004, 3.416
0.018, 81.020, 2.933, 3.004, 3.219, 3.488
0.020, 77.958, 3.076, 2.969, 3.649, 3.972
0.022, 72.599, 4.742, 3.506, 4.831, 5.189
0.024, 75.701, 5.619, 4.652, 5.458, 6.085
0.026, 77.031, 5.923, 5.404, 6.443, 6.443
0.028, 76.225, 7.553, 6.103, 7.571, 7.464
0.030, 74.412, 8.610, 6.765, 8.663, 8.646
0.032, 72.115, 9.899, 7.732, 8.842, 9.953
0.034, 72.800, 10.633, 9.057, 10.830, 10.436
0.036, 74.090, 12.209, 10.454, 12.263, 12.155
0.038, 73.244, 14.036, 11.296, 13.427, 13.642
0.040, 69.899, 15.576, 12.227, 14.394, 15.110
0.042, 67.804, 16.328, 13.570, 15.737, 17.385
0.044, 68.731, 17.779, 14.788, 16.919, 18.029
0.046, 70.584, 19.408, 15.916, 18.423, 20.232
0.048, 69.698, 20.733, 17.134, 19.605, 21.486
0.050, 67.683, 21.826, 18.567, 20.429, 22.041
0.052, 66.273, 22.542, 19.659, 21.826, 22.524
0.054, 66.394, 24.709, 20.823, 22.954, 23.760
0.056, 66.756, 26.213, 21.521, 24.100, 24.566
0.058, 66.555, 28.649, 22.972, 24.691, 26.177
0.060, 65.104, 27.556, 24.100, 26.571, 26.195
0.062, 64.460, 29.061, 25.640, 27.359, 28.022
0.064, 64.943, 28.416, 25.855, 28.416, 29.025
0.066, 65.064, 29.884, 27.001, 28.917, 30.278
0.068, 64.016, 30.440, 28.094, 29.884, 30.708
0.070, 63.291, 31.460, 29.025, 30.798, 31.693
0.072, 62.888, 32.589, 29.598, 31.980, 32.571
0.074, 62.808, 34.218, 30.565, 32.284, 33.788
0.076, 62.767, 35.114, 31.317, 33.162, 34.648
0.078, 62.244, 36.904, 32.499, 34.218, 35.024
0.080, 61.478, 36.797, 32.982, 34.702, 36.009
0.082, 61.277, 37.728, 33.806, 34.791, 36.743
0.084, 60.914, 38.158, 34.594, 36.045, 37.674
0.086, 60.148, 39.018, 35.418, 37.137, 38.104
0.088, 59.907, 39.895, 35.973, 37.549, 38.874
0.090, 59.584, 40.593, 36.582, 38.230, 39.680
0.092, 59.866, 41.023, 37.316, 38.570, 40.289
0.094, 62.364, 40.969, 37.621, 38.749, 40.522
0.096, 62.244, 40.396, 37.173, 38.194, 40.307
0.098, 58.778, 39.877, 37.012, 37.639, 39.662
0.100, 57.811, 39.680, 36.331, 37.370, 38.910
0.102, 60.471, 39.250, 35.758, 36.510, 38.283
0.104, 62.727, 39.000, 35.006, 35.955, 37.871
0.106, 61.075, 39.000, 34.863, 35.561, 37.298
0.108, 59.060, 39.035, 34.702, 35.490, 37.388
0.110, 60.148, 39.340, 34.505, 35.096, 37.621
0.112, 61.317, 39.519, 34.988, 34.934, 37.961
0.114, 61.760, 39.805, 34.917, 34.970, 38.068
0.116, 62.082, 39.770, 34.934, 35.382, 38.122
0.118, 59.826, 39.591, 34.845, 35.114, 37.997
0.120, 59.060, 39.035, 34.236, 34.612, 37.836
0.122, 60.833, 38.373, 34.200, 34.236, 37.173
0.124, 61.841, 38.552, 33.842, 34.039, 36.707
0.126, 61.599, 38.104, 33.520, 33.556, 36.457
0.128, 60.269, 37.889, 33.197, 33.394, 36.188
0.130, 59.866, 37.925, 32.893, 33.341, 36.098
0.132, 60.995, 37.925, 32.750, 33.305, 36.063
0.134, 61.357, 37.818, 32.714, 33.466, 36.170
0.136, 61.317, 37.943, 32.642, 33.197, 35.937
0.138, 60.148, 37.674, 32.678, 33.018, 35.794
0.140, 60.148, 37.245, 32.517, 32.947, 35.472
0.142, 61.357, 36.958, 32.427, 32.750, 35.418
0.144, 61.438, 36.886, 31.944, 32.535, 34.970
0.146, 60.954, 36.349, 32.051, 32.266, 34.952
0.148, 60.229, 36.206, 31.550, 32.177, 34.397
0.150, 60.430, 35.973, 31.120, 32.015, 34.272
0.152, 60.954, 35.758, 31.156, 31.980, 33.878
0.154, 61.075, 35.579, 31.586, 31.836, 33.753
0.156, 60.833, 35.472, 31.066, 30.350, 33.645
0.158, 60.833, 35.382, 31.156, 31.890, 33.591
0.160, 60.995, 35.131, 31.048, 31.854, 33.430
0.162, 61.156, 34.612, 30.995, 31.729, 33.269
0.164, 60.995, 34.218, 30.744, 31.621, 32.947
0.166, 60.471, 33.985, 30.726, 32.320, 32.732
0.168, 60.833, 33.609, 30.511, 31.317, 32.159
0.170, 60.471, 33.412, 30.225, 26.715, 32.069
0.172, 60.954, 33.376, 30.171, 31.138, 31.854
0.174, 60.874, 33.269, 30.117, 31.084, 31.621
0.176, 60.753, 32.965, 29.884, 31.120, 31.389
0.178, 60.833, 32.803, 29.956, 31.281, 31.210
0.180, 60.712, 32.606, 30.081, 30.296, 31.120
0.182, 60.672, 32.499, 29.884, 30.887, 30.798
0.184, 60.793, 32.427, 29.938, 31.066, 30.887
0.186, 60.874, 31.926, 29.777, 31.084, 30.690
0.188, 61.035, 31.442, 29.741, 30.851, 30.278
0.190, 60.995, 31.048, 29.634, 30.834, 30.296
0.192, 60.753, 31.048, 29.490, 30.744, 29.114
0.194, 60.712, 29.723, 29.508, 30.475, 28.631
0.196, 60.914, 29.293, 29.240, 30.726, 29.043
0.198, 60.995, 29.365, 29.311, 30.619, 28.917
0.200, 60.874, 28.792, 29.329, 30.708, 27.986
0.202, 60.833, 29.061, 29.401, 30.726, 28.505
0.204, 60.995, 29.419, 29.419, 31.675, 29.043
0.206, 61.115, 28.577, 29.419, 30.565, 28.828
0.208, 61.156, 67.778, 29.401, 30.708, 29.240
0.210, 61.035, 67.778, 29.365, 30.601, 29.186
0.212, 60.954, 67.778, 29.240, 30.422, 28.058
0.214, 75.016, 67.778, 28.559, 30.565, 28.219
0.216, 60.954, 30.296, 29.168, 30.529, 28.756
0.218, 61.075, 29.920, 29.061, 30.457, 28.702
0.220, 61.035, 29.902, 29.168, 30.422, 28.774
0.222, 61.196, 29.920, 28.935, 30.529, 29.079
0.224, 61.035, 29.849, 29.096, 30.314, 29.741
0.226, 61.035, 28.953, 29.096, 30.511, 28.882
0.228, 61.115, 29.473, 29.186, 30.511, 29.258
0.230, 60.995, 29.705, 29.007, 30.547, 28.756
0.232, 61.075, 29.831, 29.132, 30.296, 28.595
0.234, 61.035, 29.544, 29.258, 30.440, 28.452
0.236, 61.075, 29.293, 29.079, 30.493, 28.076
0.238, 61.035, 29.276, 29.061, 30.422, 28.165
0.240, 60.995, 29.240, 29.043, 30.493, 28.237
0.242, 61.115, 29.276, 29.114, 30.296, 28.076
0.244, 61.035, 29.240, 29.007, 30.457, 28.058
0.246, 61.156, 29.168, 29.025, 30.386, 27.861
0.248, 61.156, 29.186, 29.079, 30.386, 28.004
0.250, 61.156, 29.096, 29.043, 30.404, 28.380
0.252, 61.196, 29.061, 29.114, 30.422, 28.129
0.254, 61.277, 29.132, 29.061, 30.493, 27.879
0.256, 61.156, 28.004, 28.989, 30.296, 28.058
0.258, 61.156, 29.114, 29.079, 30.404, 27.718
0.260, 61.196, 29.079, 28.935, 30.368, 27.950
0.262, 61.277, 29.025, 28.971, 30.296, 27.807
0.264, 61.277, 28.989, 29.132, 30.440, 27.682
0.266, 61.156, 29.025, 28.989, 30.332, 27.843
0.268, 61.075, 28.971, 28.989, 30.404, 27.753
0.270, 61.277, 28.953, 29.043, 30.422, 27.807
0.272, 61.156, 28.971, 29.079, 30.099, 27.646
0.274, 61.156, 29.061, 29.025, 30.422, 27.789
0.276, 61.075, 29.043, 28.971, 30.314, 28.362
0.278, 61.196, 29.061, 28.846, 30.260, 28.434
0.280, 61.075, 28.989, 28.917, 30.296, 28.452
0.282, 61.075, 28.989, 28.882, 30.153, 28.470
0.284, 61.115, 29.025, 28.882, 30.368, 28.398
0.286, 61.156, 28.828, 28.917, 30.440, 28.505
0.288, 61.196, 29.025, 28.792, 30.601, 28.774
0.290, 61.196, 28.971, 29.043, 30.404, 28.398
0.292, 61.075, 28.971, 28.917, 30.314, 28.022
0.294, 61.115, 28.989, 28.989, 29.992, 27.915
0.296, 61.277, 29.025, 28.953, 30.314, 27.718
0.298, 61.317, 29.096, 29.043, 30.243, 27.843
0.300, 61.277, 29.222, 28.989, 30.672, 27.807
0.302, 61.277, 29.437, 28.899, 29.974, 27.664
0.304, 61.115, 29.329, 28.935, 31.102, 27.718
0.306, 61.196, 29.222, 28.917, 30.314, 27.789
0.308, 61.035, 28.864, 28.989, 30.171, 27.843
0.310, 61.317, 28.129, 28.971, 29.938, 27.574
0.312, 61.115, 28.702, 28.953, 30.457, 25.873
0.314, 60.954, 29.186, 28.935, 30.404, 27.538
0.316, 61.317, 29.150, 28.882, 30.529, 25.228
0.318, 61.397, 29.114, 28.899, 30.278, 27.377
0.320, 60.753, 29.043, 28.846, 30.189, 26.518
0.322, 59.745, 29.025, 28.846, 30.099, 28.380
0.324, 61.679, 28.076, 28.219, 29.902, 26.285
0.326, 62.405, 26.912, 27.180, 28.631, 26.661
0.328, 60.632, 26.285, 26.374, 28.040, 25.837
0.330, 59.987, 25.461, 25.891, 26.912, 24.494
0.332, 60.793, 24.619, 24.942, 26.249, 24.118
0.334, 61.317, 23.957, 24.100, 25.282, 23.330
0.336, 61.196, 23.366, 23.832, 24.834, 22.614
0.338, 60.551, 22.739, 23.026, 23.957, 21.772
0.340, 60.471, 21.987, 22.327, 23.276, 21.306
0.342, 60.430, 21.235, 21.593, 22.578, 20.912
0.344, 61.841, 21.038, 21.521, 21.808, 20.339
0.346, 61.559, 20.375, 21.862, 21.826, 20.071
0.348, 60.350, 19.695, 20.178, 20.895, 19.211
0.350, 60.471, 19.175, 19.820, 20.196, 18.728
0.352, 61.518, 18.871, 19.319, 19.426, 18.352
0.354, 61.196, 18.155, 18.746, 19.140, 17.868
0.356, 60.874, 17.779, 18.029, 18.638, 17.223
0.358, 60.753, 17.080, 17.313, 17.564, 16.829
0.360, 60.914, 17.062, 17.206, 17.438, 16.400
0.362, 60.995, 16.489, 16.561, 17.259, 16.042
0.364, 61.317, 15.648, 16.650, 16.758, 15.594
0.366, 60.874, 15.254, 15.737, 16.185, 15.218
0.368, 60.592, 15.074, 15.415, 15.612, 15.325
0.370, 60.672, 14.609, 15.164, 15.433, 14.537
0.372, 61.236, 14.233, 14.734, 14.967, 14.018
0.374, 61.156, 13.749, 12.926, 14.430, 13.642
0.376, 60.874, 13.409, 13.713, 13.946, 13.499
0.378, 61.035, 13.158, 13.516, 13.821, 13.158
0.380, 61.075, 12.997, 13.033, 13.409, 12.818
0.382, 61.075, 12.335, 12.854, 12.943, 12.406
0.384, 61.156, 12.048, 12.657, 13.015, 12.138
0.386, 61.035, 11.833, 12.352, 12.997, 11.887
0.388, 61.115, 11.582, 12.245, 12.514, 11.582
0.390, 61.156, 11.135, 11.923, 12.120, 11.260
0.392, 61.156, 10.884, 11.851, 12.764, 10.866
0.394, 60.954, 10.687, 11.636, 11.063, 10.759
0.396, 60.954, 10.347, 11.135, 10.902, 10.490
0.398, 61.075, 10.007, 10.723, 10.562, 10.329
0.400, 61.115, 9.810, 10.383, 10.383, 9.917
0.402, 61.035, 9.720, 10.186, 10.060, 9.863
0.404, 61.035, 9.469, 10.114, 10.275, 9.666
0.406, 61.196, 9.254, 9.845, 9.935, 9.989
0.408, 61.115, 8.663, 9.487, 9.863, 9.093
0.410, 60.874, 8.842, 9.541, 9.666, 9.004
0.412, 61.035, 7.768, 9.236, 9.290, 8.789
0.414, 60.995, 8.395, 9.147, 8.914, 8.592
0.416, 61.075, 8.126, 8.825, 8.842, 8.395
0.418, 61.115, 7.947, 8.699, 8.449, 8.162
0.420, 61.156, 7.947, 8.305, 8.431, 8.180
0.422, 60.914, 7.714, 7.893, 8.198, 7.929
0.424, 60.995, 7.571, 7.965, 8.019, 7.768
0.426, 61.156, 7.410, 7.750, 7.661, 7.607
0.428, 60.995, 6.855, 7.661, 7.571, 7.499
0.430, 61.156, 7.231, 7.302, 7.356, 7.231
0.432, 60.995, 6.998, 7.177, 7.123, 7.213
0.434, 61.075, 7.016, 6.891, 7.052, 7.088
0.436, 61.196, 6.980, 7.177, 6.962, 6.962
0.438, 61.156, 6.855, 6.873, 6.873, 7.141
0.440, 60.995, 6.604, 6.586, 6.676, 6.819
0.442, 60.995, 6.783, 6.586, 6.711, 6.694
0.444, 61.115, 6.658, 6.514, 6.479, 6.676
0.446, 61.115, 6.246, 6.425, 6.407, 6.640
0.448, 60.954, 6.443, 6.694, 6.282, 6.532
0.450, 60.995, 6.550, 6.461, 6.210, 6.389
0.452, 61.075, 5.153, 6.353, 6.120, 6.335
0.454, 61.075, 6.228, 6.407, 5.941, 6.246
0.456, 61.115, 6.103, 6.335, 5.870, 6.031
0.458, 61.115, 6.085, 6.246, 5.977, 6.120
0.460, 60.995, 6.120, 6.425, 5.780, 6.246
0.462, 61.115, 5.941, 6.067, 5.673, 6.389
0.464, 61.115, 5.601, 9.577, 5.744, 6.461
0.466, 61.035, 5.691, 10.150, 5.565, 6.514
0.468, 61.035, 5.601, 8.592, 5.458, 7.088
0.470, 61.035, 5.601, 6.443, 5.404, 7.320
0.472, 61.075, 5.494, 6.085, 5.458, 7.213
0.474, 61.115, 5.547, 6.103, 5.368, 7.195
0.476, 61.035, 5.082, 6.765, 5.279, 6.031
0.478, 61.196, 5.279, 8.198, 5.225, 5.691
0.480, 61.115, 5.440, 6.819, 5.279, 5.673
0.482, 61.115, 5.315, 6.353, 5.207, 5.547
0.484, 61.115, 5.118, 6.353, 5.136, 5.530
0.486, 61.115, 5.207, 5.279, 5.082, 5.333
0.488, 60.833, 4.867, 10.974, 5.153, 5.028
0.490, 60.632, 5.368, 7.446, 4.956, 5.064
0.492, 60.269, 5.171, 7.911, 4.419, 6.550
0.494, 61.075, 5.082, 5.870, 4.903, 5.297
0.496, 61.075, 4.992, 8.108, 4.903, 5.333
0.498, 61.156, 4.992, 8.001, 4.939, 5.136
0.500, 60.874, 5.082, 6.389, 4.831, 5.171
0.502, 61.115, 5.100, 6.389, 4.813, 4.670
0.504, 61.075, 4.974, 7.267, 4.777, 4.992
0.506, 60.995, 4.956, 7.481, 4.759, 5.100
0.508, 61.075, 4.939, 7.714, 4.724, 5.046
0.510, 61.196, 4.939, 8.968, 4.652, 5.082
0.512, 61.196, 4.813, 8.825, 4.652, 5.028
0.514, 61.196, 4.742, 8.108, 4.652, 4.992
0.516, 61.196, 4.724, 8.090, 4.580, 5.064
0.518, 61.196, 4.885, 6.335, 4.580, 4.921
0.520, 60.511, 4.849, 9.595, 4.401, 5.404
0.522, 61.196, 4.706, 8.341, 4.491, 8.681
0.524, 61.075, 4.240, 9.953, 4.455, 4.903
0.526, 61.277, 4.706, 5.261, 4.473, 4.742
0.528, 61.035, 4.598, 6.407, 4.491, 4.759
0.530, 61.115, 4.831, 5.852, 4.419, 4.759
0.532, 61.156, 4.813, 10.920, 4.258, 4.795
0.534, 61.317, 4.688, 5.028, 4.240, 4.742
0.536, 61.236, 4.598, 4.813, 4.383, 4.580
0.538, 61.115, 4.670, 4.956, 4.348, 4.652
0.540, 61.841, 4.652, 9.039, 4.115, 4.545
0.542, 61.156, 4.455, 7.517, 4.383, 4.473
0.544, 61.196, 4.652, 4.580, 4.168, 4.545
0.546, 61.236, 4.222, 6.317, 4.115, 4.545
0.548, 61.357, 4.473, 4.706, 4.276, 4.509
0.550, 61.357, 4.509, 5.458, 4.240, 4.437
0.552, 61.196, 4.437, 6.443, 4.151, 4.491
0.554, 61.277, 4.491, 7.410, 4.186, 4.186
0.556, 61.236, 4.330, 6.103, 4.151, 4.419
0.558, 61.196, 4.509, 6.425, 4.186, 4.562
0.560, 61.196, 4.437, 6.962, 4.043, 4.419
0.562, 61.236, 4.312, 6.998, 3.918, 4.383
0.564, 61.236, 4.276, 5.816, 3.846, 4.186
0.566, 61.277, 4.276, 6.640, 3.972, 4.240
0.568, 61.317, 4.025, 6.353, 3.989, 4.312
0.570, 61.115, 4.222, 6.156, 3.918, 4.294
0.572, 61.236, 4.258, 5.530, 3.918, 4.330
0.574, 61.317, 4.204, 6.300, 3.936, 4.276
0.576, 61.196, 4.079, 5.941, 3.864, 4.276
0.578, 61.277, 4.133, 6.461, 3.989, 4.133
0.580, 61.317, 4.043, 5.189, 3.828, 4.168
0.582, 61.236, 3.954, 6.103, 3.864, 3.918
0.584, 61.357, 3.972, 5.709, 3.757, 4.097
0.586, 61.317, 3.954, 5.619, 3.775, 4.133
0.588, 61.236, 4.097, 5.046, 3.846, 4.168
0.590, 61.397, 3.989, 7.392, 3.792, 4.688
0.592, 61.196, 3.792, 7.822, 3.792, 4.151
0.594, 61.156, 3.972, 5.691, 3.792, 4.061
0.596, 61.236, 3.900, 5.136, 3.739, 4.079
0.598, 61.317, 3.810, 6.013, 3.757, 3.900
0.600, 61.236, 3.864, 6.998, 3.739, 4.097
0.602, 61.115, 3.488, 7.947, 3.685, 4.330
0.604, 61.156, 3.022, 6.246, 3.578, 3.936
0.606, 61.317, 3.703, 5.906, 3.649, 3.846
0.608, 61.236, 3.524, 7.589, 3.792, 3.972
0.610, 61.277, 3.631, 8.431, 3.667, 4.133
0.612, 61.317, 3.685, 5.923, 3.595, 3.972
0.614, 60.954, 3.739, 7.607, 3.757, 3.954
0.616, 61.397, 3.649, 5.476, 3.578, 3.846
0.618, 61.357, 3.685, 5.010, 3.542, 3.810
0.620, 61.196, 3.631, 3.918, 3.613, 3.900
0.622, 61.317, 3.578, 3.810, 3.542, 3.882
0.624, 61.317, 3.560, 3.882, 3.542, 3.864
0.626, 61.397, 3.273, 4.097, 3.488, 3.810
0.628, 61.357, 3.542, 4.097, 3.506, 3.775
0.630, 61.357, 3.488, 4.025, 3.237, 3.775
0.632, 61.236, 3.416, 4.007, 3.578, 3.739
0.634, 61.277, 3.416, 3.810, 3.327, 3.810
0.636, 61.357, 3.255, 3.595, 3.416, 3.452
0.638, 60.148, 3.434, 3.578, 2.754, 3.578
0.640, 61.317, 3.398, 3.578, 3.273, 3.721
0.642, 61.277, 3.309, 3.649, 3.327, 3.667
0.644, 61.236, 3.613, 3.416, 3.273, 3.703
0.646, 61.357, 3.255, 3.613, 3.219, 3.703
0.648, 61.317, 3.255, 3.452, 3.148, 3.685
0.650, 61.357, 3.219, 3.578, 3.219, 3.631
0.652, 61.397, 3.273, 3.560, 3.130, 3.685
0.654, 61.317, 3.273, 3.595, 3.219, 3.560
0.656, 61.438, 3.237, 4.025, 3.184, 3.506
0.658, 61.357, 3.309, 3.398, 3.148, 3.542
0.660, 61.397, 3.255, 3.631, 3.148, 3.542
0.662, 61.478, 3.130, 3.398, 3.882, 3.918
0.664, 61.438, 3.237, 3.416, 3.273, 3.416
0.666, 61.397, 3.076, 3.452, 3.112, 3.595
0.668, 61.438, 3.184, 3.309, 3.112, 3.166
0.670, 61.438, 3.201, 3.273, 3.094, 3.560
0.672, 61.518, 3.148, 3.255, 3.112, 3.524
0.674, 61.438, 3.112, 3.291, 3.130, 2.969
0.676, 61.438, 3.184, 3.381, 3.076, 3.255
0.678, 61.397, 3.004, 3.184, 2.951, 3.004
0.680, 61.397, 3.130, 3.219, 3.022, 3.022
0.682, 61.518, 3.076, 3.255, 3.022, 3.184
0.684, 61.518, 3.076, 3.076, 2.969, 3.184
0.686, 61.478, 3.094, 3.291, 2.915, 3.184
0.688, 61.397, 2.951, 3.219, 2.790, 3.184
0.690, 61.438, 3.040, 3.094, 3.004, 3.130
0.692, 61.478, 2.897, 3.184, 3.022, 3.148
0.694, 61.478, 3.058, 3.094, 2.969, 3.201
0.696, 61.277, 3.148, 2.915, 2.915, 3.004
0.698, 61.478, 3.040, 2.915, 2.951, 3.148
0.700, 61.518, 2.987, 3.058, 2.593, 3.219
0.702, 61.518, 3.004, 3.184, 2.879, 3.166
0.704, 61.478, 3.022, 3.112, 2.915, 3.040
0.706, 61.397, 2.807, 3.058, 2.843, 3.076
0.708, 61.559, 3.022, 3.076, 2.897, 3.166
0.710, 61.397, 2.987, 3.434, 2.915, 2.951
0.712, 61.357, 2.969, 2.987, 2.825, 3.004
0.714, 61.639, 2.843, 2.933, 2.933, 3.058
0.716, 61.397, 2.843, 2.933, 3.595, 2.915
0.718, 61.357, 2.915, 2.861, 2.772, 2.987
0.720, 61.518, 2.987, 2.933, 2.807, 2.951
0.722, 61.438, 3.004, 2.915, 2.879, 2.897
0.724, 61.357, 2.987, 2.969, 2.807, 2.664
0.726, 61.277, 2.861, 2.933, 2.915, 2.539
0.728, 61.317, 2.879, 2.825, 2.843, 2.593
0.730, 61.277, 2.915, 2.790, 2.879, 2.790
0.732, 61.317, 2.933, 2.897, 2.843, 3.148
0.734, 61.478, 2.951, 2.861, 2.897, 2.915
0.736, 61.438, 2.843, 2.754, 2.879, 2.969
0.738, 61.438, 2.073, 2.879, 2.879, 2.807
0.740, 61.397, 2.843, 2.861, 2.861, 2.807
0.742, 61.438, 2.915, 2.843, 2.861, 2.915
0.744, 61.478, 2.360, 2.843, 2.772, 3.112
0.746, 61.478, 2.879, 2.807, 2.897, 2.736
0.748, 61.438, 2.915, 2.879, 2.843, 2.843
0.750, 61.357, 2.736, 2.807, 2.807, 2.915
0.752, 61.478, 2.969, 2.700, 2.879, 2.861
0.754, 61.438, 2.915, 2.790, 2.933, 2.790
0.756, 61.357, 2.736, 2.807, 2.879, 2.879
0.758, 61.438, 2.825, 2.825, 3.004, 2.431
0.760, 61.559, 2.091, 2.772, 2.879, 2.933
0.762, 61.478, 2.933, 2.700, 1.948, 2.933
0.764, 61.478, 2.933, 2.807, 2.825, 2.879
0.766, 61.478, 2.879, 2.825, 2.951, 2.933
0.768, 61.438, 2.951, 2.736, 2.843, 2.879
0.770, 61.559, 2.969, 2.861, 2.664, 2.861
0.772, 61.357, 3.022, 2.879, 2.825, 3.058
0.774, 61.438, 2.145, 3.040, 2.861, 2.879
0.776, 61.438, 3.327, 2.825, 2.843, 2.843
0.778, 61.438, 2.843, 2.700, 2.861, 2.915
0.780, 61.397, 2.969, 2.843, 2.897, 2.933
0.782, 61.357, 2.987, 2.915, 2.825, 2.879
0.784, 61.518, 2.951, 2.915, 2.879, 2.718
0.786, 61.518, 2.897, 2.861, 2.736, 2.933
0.788, 61.518, 2.915, 2.790, 2.807, 2.825
0.790, 61.478, 2.843, 2.807, 2.861, 2.879
0.792, 61.438, 2.843, 2.772, 2.825, 2.951
0.794, 61.438, 2.951, 2.825, 2.861, 2.915
0.796, 61.438, 2.915, 2.951, 2.879, 2.843
0.798, 61.478, 3.040, 2.897, 2.825, 2.861
0.800, 61.559, 2.987, 2.861, 2.736, 2.754
0.802, 61.438, 3.416, 2.790, 2.879, 2.951
0.804, 61.438, 2.431, 2.861, 2.843, 2.843
0.806, 61.559, 2.987, 2.879, 2.843, 2.790
0.808, 61.478, 3.040, 2.915, 2.861, 2.915
0.810, 61.679, 2.933, 2.861, 2.807, 2.933
0.812, 61.599, 2.861, 2.969, 2.396, 2.700
0.814, 61.559, 3.004, 2.879, 2.933, 2.790
0.816, 61.559, 2.861, 2.897, 2.754, 3.022
0.818, 61.518, 2.825, 2.825, 2.825, 2.969
0.820, 61.518, 2.933, 2.825, 2.736, 3.058
0.822, 61.639, 2.915, 2.915, 2.700, 2.933
0.824, 61.639, 2.951, 2.933, 2.843, 3.004
0.826, 61.599, 2.987, 2.933, 2.754, 3.363
0.828, 61.599, 3.022, 2.951, 2.754, 3.058
0.830, 61.679, 3.022, 4.097, 3.022, 2.987
0.832, 61.518, 2.843, 2.915, 2.861, 2.987
0.834, 61.639, 3.040, 2.772, 2.843, 2.700
0.836, 61.599, 2.933, 2.825, 2.736, 2.861
0.838, 61.518, 2.969, 2.933, 2.933, 2.879
0.840, 61.639, 2.969, 2.879, 2.682, 4.168
0.842, 61.559, 3.040, 2.915, 2.790, 2.790
0.844, 61.599, 2.790, 2.772, 2.807, 2.951
0.846, 61.559, 2.861, 3.022, 2.825, 2.969
0.848, 61.559, 3.130, 2.843, 2.897, 2.987
0.850, 61.679, 3.004, 3.040, 2.790, 3.004
0.852, 61.720, 2.969, 2.915, 2.754, 2.879
0.854, 61.679, 3.004, 3.040, 2.646, 3.022
0.856, 61.559, 2.969, 2.897, 2.790, 2.987
0.858, 61.559, 2.933, 2.879, 2.825, 2.933
0.860, 61.599, 3.022, 2.718, 2.861, 3.040
0.862, 61.720, 2.915, 3.667, 2.807, 2.897
0.864, 61.599, 2.933, 2.790, 3.022, 2.718
0.866, 61.679, 2.951, 2.736, 2.628, 2.879
0.868, 61.559, 2.772, 2.897, 2.485, 2.772
0.870, 61.639, 2.933, 2.897, 2.700, 2.879
0.872, 61.639, 2.969, 2.807, 2.825, 2.969
0.874, 61.599, 2.933, 2.861, 2.807, 2.933
0.876, 61.599, 2.951, 2.915, 2.790, 2.431
0.878, 61.559, 3.022, 2.969, 2.181, 2.951
0.880, 61.679, 2.951, 2.969, 2.861, 3.022
0.882, 61.599, 3.004, 2.915, 2.807, 2.861
0.884, 61.599, 2.951, 2.915, 2.843, 3.004
0.886, 61.599, 2.897, 3.721, 2.109, 2.933
0.888, 61.760, 2.807, 2.969, 2.897, 2.933
0.890, 61.800, 2.933, 4.007, 2.879, 2.933
0.892, 61.679, 3.058, 2.843, 2.825, 2.915
0.894, 61.599, 3.094, 3.004, 2.825, 2.969
0.896, 61.679, 3.040, 2.807, 2.825, 2.807
0.898, 61.639, 2.915, 2.915, 2.843, 2.825
0.900, 61.639, 2.969, 2.897, 2.843, 2.772
0.902, 61.559, 2.575, 2.825, 2.897, 3.058
0.904, 61.679, 3.004, 2.718, 2.843, 2.843
0.906, 61.760, 2.807, 2.933, 2.664, 2.951
0.908, 61.760, 3.004, 3.004, 2.915, 2.879
0.910, 61.639, 3.004, 2.897, 3.201, 2.951
0.912, 61.800, 2.969, 2.933, 2.754, 3.058
0.914, 61.679, 2.951, 2.951, 2.861, 2.969
0.916, 61.800, 3.058, 2.969, 2.915, 2.897
0.918, 61.720, 3.058, 2.915, 2.790, 2.861
0.920, 61.720, 2.987, 2.628, 2.843, 3.022
0.922, 61.679, 2.933, 2.933, 2.843, 2.879
0.924, 61.679, 2.933, 2.915, 2.879, 2.861
0.926, 61.679, 2.969, 2.843, 2.807, 3.022
0.928, 61.720, 3.004, 2.861, 2.790, 2.969
0.930, 61.639, 2.915, 2.915, 2.736, 2.951
0.932, 61.679, 3.040, 2.879, 2.825, 2.879
0.934, 61.599, 2.969, 2.915, 2.109, 2.933
0.936, 61.720, 2.969, 2.897, 2.700, 2.736
0.938, 61.720, 2.915, 2.933, 2.915, 2.897
0.940, 61.720, 2.915, 2.915, 2.825, 2.915
0.942, 61.679, 3.004, 2.915, 2.897, 3.022
0.944, 61.800, 3.022, 2.951, 2.790, 2.987
0.946, 61.760, 2.987, 3.022, 2.861, 3.022
0.948, 61.800, 2.987, 2.987, 2.915, 2.987
0.950, 61.800, 2.987, 2.951, 2.700, 3.058
0.952, 61.679, 2.807, 2.951, 2.879, 2.861
0.954, 61.760, 2.951, 2.987, 2.933, 2.951
0.956, 61.841, 2.073, 2.897, 2.843, 2.933
0.958, 61.720, 2.969, 2.951, 2.825, 2.951
0.960, 61.720, 2.987, 3.058, 3.076, 2.736
0.962, 61.881, 3.076, 2.915, 2.951, 3.166
0.964, 61.800, 2.951, 2.933, 2.915, 2.897
0.966, 61.841, 2.969, 3.058, 2.843, 2.915
0.968, 61.800, 2.987, 2.969, 2.790, 2.897
0.970, 61.921, 2.843, 2.987, 2.879, 2.951
0.972, 61.760, 3.022, 3.578, 2.790, 3.004
0.974, 61.841, 2.987, 2.933, 3.918, 2.933
0.976, 61.760, 2.987, 2.969, 2.682, 2.915
0.978, 61.841, 3.004, 3.022, 2.718, 2.951
0.980, 61.881, 3.560, 2.951, 2.843, 2.861
0.982, 61.760, 2.807, 2.987, 2.843, 2.879
0.984, 61.720, 3.416, 2.897, 2.736, 2.987
0.986, 61.800, 3.004, 2.843, 3.076, 2.897
0.988, 61.962, 3.094, 2.987, 3.022, 3.004
0.990, 61.800, 2.987, 3.040, 1.500, 3.058
0.992, 61.921, 2.987, 3.058, 2.951, 2.969
0.994, 61.841, 3.094, 3.004, 2.825, 3.058
0.996, 61.962, 2.987, 2.915, 2.879, 3.345
0.998, 61.841, 2.987, 2.987, 2.861, 3.040
