1,0,0,0,0,0.96606,0.25831,0.48347,0,-0.25831,0.96606,0.29146,0,0,0,1
1,0,0,0,0,0.96599,0.25857,0.484,0,-0.25857,0.96599,0.29105,0,0,0,1
1,0,0,0,0,0.9663,0.25742,0.48392,0,-0.25742,0.9663,0.29121,0,0,0,1
1,0,0,0,0,0.96652,0.2566,0.4838,0,-0.2566,0.96652,0.29104,0,0,0,1
1,0,0,0,0,0.96695,0.25497,0.48399,0,-0.25497,0.96695,0.29116,0,0,0,1
1,0,0,0,0,0.96598,0.25863,0.4836,0,-0.25863,0.96598,0.29108,0,0,0,1
1,0,0,0,0,0.96691,0.25513,0.48397,0,-0.25513,0.96691,0.29115,0,0,0,1
1,0,0,0,0,0.96597,0.25864,0.4843,0,-0.25864,0.96597,0.29108,0,0,0,1
1,0,0,0,0,0.9665,0.25668,0.48411,0,-0.25668,0.9665,0.29108,0,0,0,1
1,0,0,0,0,0.96556,0.26019,0.48523,0,-0.26019,0.96556,0.29123,0,0,0,1
1,0,0,0,0,0.96694,0.25499,0.48757,0,-0.25499,0.96694,0.29094,0,0,0,1
1,0,0,0,0,0.96644,0.25688,0.48855,0,-0.25688,0.96644,0.29055,0,0,0,1
1,0,0,0,0,0.96598,0.25861,0.48915,0,-0.25861,0.96598,0.29095,0,0,0,1
1,0,0,0,0,0.96451,0.26404,0.4911,0,-0.26404,0.96451,0.29103,0,0,0,1
1,0,0,0,0,0.96325,0.26861,0.49285,0,-0.26861,0.96325,0.29045,0,0,0,1
1,0,0,0,0,0.96284,0.27008,0.49556,0,-0.27008,0.96284,0.29012,0,0,0,1
1,0,0,0,0,0.95775,0.28761,0.49766,0,-0.28761,0.95775,0.29021,0,0,0,1
1,0,0,0,0,0.95675,0.2909,0.50074,0,-0.2909,0.95675,0.28955,0,0,0,1
1,0,0,0,0,0.95506,0.2964,0.50381,0,-0.2964,0.95506,0.28897,0,0,0,1
1,0,0,0,0,0.94997,0.31234,0.50834,0,-0.31234,0.94997,0.28876,0,0,0,1
1,0,0,0,0,0.94324,0.3321,0.5125,0,-0.3321,0.94324,0.28717,0,0,0,1
1,0,0,0,0,0.93805,0.3465,0.517,0,-0.3465,0.93805,0.28693,0,0,0,1
1,0,0,0,0,0.93368,0.3581,0.52169,0,-0.3581,0.93368,0.28476,0,0,0,1
1,0,0,0,0,0.92454,0.38108,0.52696,0,-0.38108,0.92454,0.28234,0,0,0,1
1,0,0,0,0,0.91721,0.39841,0.53268,0,-0.39841,0.91721,0.28127,0,0,0,1
1,0,0,0,0,0.90366,0.42825,0.53857,0,-0.42825,0.90366,0.27907,0,0,0,1
1,0,0,0,0,0.89382,0.44844,0.54417,0,-0.44844,0.89382,0.27706,0,0,0,1
1,0,0,0,0,0.88207,0.47112,0.55033,0,-0.47112,0.88207,0.27407,0,0,0,1
1,0,0,0,0,0.8708,0.49163,0.55566,0,-0.49163,0.8708,0.27172,0,0,0,1
1,0,0,0,0,0.86052,0.50941,0.5615,0,-0.50941,0.86052,0.26879,0,0,0,1
1,0,0,0,0,0.84516,0.53451,0.56789,0,-0.53451,0.84516,0.26479,0,0,0,1
1,0,0,0,0,0.83072,0.5567,0.57214,0,-0.5567,0.83072,0.26134,0,0,0,1
1,0,0,0,0,0.81563,0.57858,0.57758,0,-0.57858,0.81563,0.25787,0,0,0,1
1,0,0,0,0,0.8055,0.5926,0.58226,0,-0.5926,0.8055,0.25576,0,0,0,1
1,0,0,0,0,0.7961,0.60516,0.58656,0,-0.60516,0.7961,0.25274,0,0,0,1
1,0,0,0,0,0.78003,0.62574,0.59037,0,-0.62574,0.78003,0.25034,0,0,0,1
1,0,0,0,0,0.77149,0.63625,0.59303,0,-0.63625,0.77149,0.2488,0,0,0,1
1,0,0,0,0,0.76527,0.64371,0.59588,0,-0.64371,0.76527,0.24612,0,0,0,1
1,0,0,0,0,0.75958,0.65042,0.59719,0,-0.65042,0.75958,0.24413,0,0,0,1
1,0,0,0,0,0.75262,0.65845,0.59932,0,-0.65845,0.75262,0.24307,0,0,0,1
1,0,0,0,0,0.75064,0.66071,0.60048,0,-0.66071,0.75064,0.24269,0,0,0,1
1,0,0,0,0,0.7489,0.66268,0.60108,0,-0.66268,0.7489,0.24226,0,0,0,1
1,0,0,0,0,0.74469,0.66741,0.60129,0,-0.66741,0.74469,0.24219,0,0,0,1
1,0,0,0,0,0.74679,0.66506,0.60126,0,-0.66506,0.74679,0.242,0,0,0,1
1,0,0,0,0,0.74613,0.6658,0.60068,0,-0.6658,0.74613,0.24241,0,0,0,1
1,0,0,0,0,0.74644,0.66545,0.6002,0,-0.66545,0.74644,0.24272,0,0,0,1
1,0,0,0,0,0.75563,0.655,0.59923,0,-0.655,0.75563,0.24362,0,0,0,1
1,0,0,0,0,0.75827,0.65194,0.59773,0,-0.65194,0.75827,0.24412,0,0,0,1
1,0,0,0,0,0.75918,0.65089,0.59691,0,-0.65089,0.75918,0.24523,0,0,0,1
1,0,0,0,0,0.76409,0.64511,0.59571,0,-0.64511,0.76409,0.24649,0,0,0,1
1,0,0,0,0,0.77199,0.63563,0.59271,0,-0.63563,0.77199,0.24811,0,0,0,1
1,0,0,0,0,0.77196,0.63567,0.59208,0,-0.63567,0.77196,0.24951,0,0,0,1
1,0,0,0,0,0.78674,0.61728,0.58955,0,-0.61728,0.78674,0.25103,0,0,0,1
1,0,0,0,0,0.79348,0.60859,0.58821,0,-0.60859,0.79348,0.25268,0,0,0,1
1,0,0,0,0,0.79673,0.60434,0.58528,0,-0.60434,0.79673,0.25376,0,0,0,1
1,0,0,0,0,0.79873,0.60168,0.58309,0,-0.60168,0.79873,0.25587,0,0,0,1
1,0,0,0,0,0.80465,0.59375,0.57972,0,-0.59375,0.80465,0.25834,0,0,0,1
1,0,0,0,0,0.81722,0.57632,0.57724,0,-0.57632,0.81722,0.25972,0,0,0,1
1,0,0,0,0,0.82268,0.56851,0.5735,0,-0.56851,0.82268,0.26193,0,0,0,1
1,0,0,0,0,0.83143,0.55564,0.57067,0,-0.55564,0.83143,0.26352,0,0,0,1
1,0,0,0,0,0.8443,0.53588,0.56729,0,-0.53588,0.8443,0.26552,0,0,0,1
1,0,0,0,0,0.84957,0.52747,0.56386,0,-0.52747,0.84957,0.26823,0,0,0,1
1,0,0,0,0,0.86094,0.5087,0.55956,0,-0.5087,0.86094,0.26986,0,0,0,1
1,0,0,0,0,0.87068,0.49185,0.55532,0,-0.49185,0.87068,0.27193,0,0,0,1
1,0,0,0,0,0.88019,0.47462,0.55084,0,-0.47462,0.88019,0.27406,0,0,0,1
1,0,0,0,0,0.89161,0.4528,0.54728,0,-0.4528,0.89161,0.27621,0,0,0,1
1,0,0,0,0,0.89906,0.43783,0.54322,0,-0.43783,0.89906,0.27874,0,0,0,1
1,0,0,0,0,0.91119,0.41199,0.53877,0,-0.41199,0.91119,0.2813,0,0,0,1
1,0,0,0,0,0.92129,0.38887,0.53382,0,-0.38887,0.92129,0.28329,0,0,0,1
1,0,0,0,0,0.93073,0.36571,0.52936,0,-0.36571,0.93073,0.28655,0,0,0,1
1,0,0,0,0,0.94247,0.33429,0.52496,0,-0.33429,0.94247,0.28879,0,0,0,1
1,0,0,0,0,0.94989,0.31258,0.52038,0,-0.31258,0.94989,0.29203,0,0,0,1
1,0,0,0,0,0.95923,0.28261,0.51591,0,-0.28261,0.95923,0.29572,0,0,0,1
1,0,0,0,0,0.9671,0.25439,0.51077,0,-0.25439,0.9671,0.29878,0,0,0,1
1,0,0,0,0,0.9752,0.22132,0.50547,0,-0.22132,0.9752,0.30223,0,0,0,1
1,0,0,0,0,0.98116,0.19321,0.5012,0,-0.19321,0.98116,0.30645,0,0,0,1
1,0,0,0,0,0.98762,0.15688,0.49629,0,-0.15688,0.98762,0.30995,0,0,0,1
1,0,0,0,0,0.99195,0.12665,0.49093,0,-0.12665,0.99195,0.31478,0,0,0,1
1,0,0,0,0,0.99442,0.10546,0.4864,0,-0.10546,0.99442,0.31906,0,0,0,1
1,0,0,0,0,0.99752,0.070388,0.48106,0,-0.070388,0.99752,0.3242,0,0,0,1
1,0,0,0,0,0.99941,0.034303,0.47587,0,-0.034303,0.99941,0.32948,0,0,0,1
1,0,0,0,0,1,0.00063587,0.4705,0,-0.00063587,1,0.33547,0,0,0,1
1,0,0,0,0,0.99957,-0.02925,0.46435,0,0.02925,0.99957,0.34135,0,0,0,1
1,0,0,0,0,0.9989,-0.046894,0.45989,0,0.046894,0.9989,0.3473,0,0,0,1
1,0,0,0,0,0.99604,-0.08886,0.45387,0,0.08886,0.99604,0.35381,0,0,0,1
1,0,0,0,0,0.99403,-0.10912,0.44828,0,0.10912,0.99403,0.36043,0,0,0,1
1,0,0,0,0,0.98936,-0.14551,0.44202,0,0.14551,0.98936,0.3682,0,0,0,1
1,0,0,0,0,0.98557,-0.16926,0.4366,0,0.16926,0.98557,0.37537,0,0,0,1
1,0,0,0,0,0.98121,-0.19296,0.43128,0,0.19296,0.98121,0.38278,0,0,0,1
1,0,0,0,0,0.97576,-0.21886,0.42487,0,0.21886,0.97576,0.39034,0,0,0,1
1,0,0,0,0,0.97206,-0.23475,0.41888,0,0.23475,0.97206,0.39802,0,0,0,1
1,0,0,0,0,0.96972,-0.24423,0.41311,0,0.24423,0.96972,0.40553,0,0,0,1
1,0,0,0,0,0.96497,-0.26237,0.40664,0,0.26237,0.96497,0.41335,0,0,0,1
1,0,0,0,0,0.961,-0.27654,0.40079,0,0.27654,0.961,0.42046,0,0,0,1
1,0,0,0,0,0.96013,-0.27956,0.39485,0,0.27956,0.96013,0.42826,0,0,0,1
1,0,0,0,0,0.95988,-0.2804,0.38866,0,0.2804,0.95988,0.43496,0,0,0,1
1,0,0,0,0,0.95882,-0.28401,0.38239,0,0.28401,0.95882,0.44207,0,0,0,1
1,0,0,0,0,0.96003,-0.27989,0.37662,0,0.27989,0.96003,0.44836,0,0,0,1
1,0,0,0,0,0.96259,-0.27097,0.37056,0,0.27097,0.96259,0.45476,0,0,0,1
1,0,0,0,0,0.96463,-0.26361,0.36529,0,0.26361,0.96463,0.46121,0,0,0,1
1,0,0,0,0,0.96606,-0.25831,0.35887,0,0.25831,0.96606,0.46715,0,0,0,1
1,0,0,0,0,0.9692,-0.24629,0.35362,0,0.24629,0.9692,0.47246,0,0,0,1
1,0,0,0,0,0.97454,-0.22421,0.34851,0,0.22421,0.97454,0.47758,0,0,0,1
1,0,0,0,0,0.97671,-0.21455,0.34185,0,0.21455,0.97671,0.48284,0,0,0,1
1,0,0,0,0,0.98012,-0.19841,0.33644,0,0.19841,0.98012,0.48648,0,0,0,1
1,0,0,0,0,0.9851,-0.17201,0.33027,0,0.17201,0.9851,0.49214,0,0,0,1
1,0,0,0,0,0.989,-0.14794,0.32457,0,0.14794,0.989,0.4964,0,0,0,1
1,0,0,0,0,0.99136,-0.13116,0.31906,0,0.13116,0.99136,0.50058,0,0,0,1
1,0,0,0,0,0.9946,-0.10378,0.31308,0,0.10378,0.9946,0.50524,0,0,0,1
1,0,0,0,0,0.99605,-0.088846,0.30639,0,0.088846,0.99605,0.50987,0,0,0,1
1,0,0,0,0,0.99796,-0.063811,0.30196,0,0.063811,0.99796,0.51301,0,0,0,1
1,0,0,0,0,0.9993,-0.037277,0.29543,0,0.037277,0.9993,0.51731,0,0,0,1
1,0,0,0,0,0.99985,-0.017406,0.28925,0,0.017406,0.99985,0.52185,0,0,0,1
1,0,0,0,0,0.99993,0.012099,0.2839,0,-0.012099,0.99993,0.52584,0,0,0,1
1,0,0,0,0,0.99931,0.037135,0.2773,0,-0.037135,0.99931,0.52907,0,0,0,1
1,0,0,0,0,0.99767,0.068242,0.2719,0,-0.068242,0.99767,0.53296,0,0,0,1
1,0,0,0,0,0.99619,0.08724,0.26528,0,-0.08724,0.99619,0.53827,0,0,0,1
1,0,0,0,0,0.99379,0.11128,0.26067,0,-0.11128,0.99379,0.54172,0,0,0,1
1,0,0,0,0,0.99065,0.13643,0.25376,0,-0.13643,0.99065,0.54656,0,0,0,1
1,0,0,0,0,0.98647,0.16397,0.24837,0,-0.16397,0.98647,0.54995,0,0,0,1
1,0,0,0,0,0.98281,0.18462,0.24308,0,-0.18462,0.98281,0.55487,0,0,0,1
1,0,0,0,0,0.97658,0.21516,0.23792,0,-0.21516,0.97658,0.55862,0,0,0,1
1,0,0,0,0,0.97291,0.23116,0.23235,0,-0.23116,0.97291,0.56248,0,0,0,1
1,0,0,0,0,0.96353,0.26759,0.22732,0,-0.26759,0.96353,0.56683,0,0,0,1
1,0,0,0,0,0.958,0.28676,0.22137,0,-0.28676,0.958,0.57062,0,0,0,1
1,0,0,0,0,0.94991,0.31253,0.21746,0,-0.31253,0.94991,0.57498,0,0,0,1
1,0,0,0,0,0.94531,0.32618,0.21167,0,-0.32618,0.94531,0.57925,0,0,0,1
1,0,0,0,0,0.93333,0.35902,0.20719,0,-0.35902,0.93333,0.58335,0,0,0,1
1,0,0,0,0,0.92432,0.38161,0.20125,0,-0.38161,0.92432,0.58754,0,0,0,1
1,0,0,0,0,0.91634,0.40041,0.19725,0,-0.40041,0.91634,0.59168,0,0,0,1
1,0,0,0,0,0.90344,0.42871,0.19346,0,-0.42871,0.90344,0.59556,0,0,0,1
1,0,0,0,0,0.89568,0.44469,0.18761,0,-0.44469,0.89568,0.59952,0,0,0,1
1,0,0,0,0,0.88573,0.46421,0.18358,0,-0.46421,0.88573,0.60405,0,0,0,1
1,0,0,0,0,0.8719,0.48968,0.17939,0,-0.48968,0.8719,0.60735,0,0,0,1
1,0,0,0,0,0.86274,0.50566,0.17521,0,-0.50566,0.86274,0.61219,0,0,0,1
1,0,0,0,0,0.84748,0.53083,0.17063,0,-0.53083,0.84748,0.61572,0,0,0,1
1,0,0,0,0,0.83699,0.54722,0.16669,0,-0.54722,0.83699,0.62002,0,0,0,1
1,0,0,0,0,0.82168,0.56995,0.16295,0,-0.56995,0.82168,0.62389,0,0,0,1
1,0,0,0,0,0.80934,0.58734,0.15935,0,-0.58734,0.80934,0.6279,0,0,0,1
1,0,0,0,0,0.79469,0.60701,0.15557,0,-0.60701,0.79469,0.63164,0,0,0,1
1,0,0,0,0,0.78181,0.62352,0.15235,0,-0.62352,0.78181,0.63562,0,0,0,1
1,0,0,0,0,0.77484,0.63216,0.15325,0,-0.63216,0.77484,0.63971,0,0,0,1
1,0,0,0,0,0.75952,0.65048,0.15409,0,-0.65048,0.75952,0.64292,0,0,0,1
1,0,0,0,0,0.75198,0.65919,0.15688,0,-0.65919,0.75198,0.64679,0,0,0,1
1,0,0,0,0,0.74412,0.66805,0.15808,0,-0.66805,0.74412,0.65095,0,0,0,1
1,0,0,0,0,0.73164,0.68169,0.16072,0,-0.68169,0.73164,0.65357,0,0,0,1
1,0,0,0,0,0.72037,0.6936,0.16185,0,-0.6936,0.72037,0.65754,0,0,0,1
1,0,0,0,0,0.70962,0.70459,0.16473,0,-0.70459,0.70962,0.66032,0,0,0,1
1,0,0,0,0,0.69543,0.71859,0.16703,0,-0.71859,0.69543,0.6643,0,0,0,1
1,0,0,0,0,0.67904,0.7341,0.16801,0,-0.7341,0.67904,0.66795,0,0,0,1
1,0,0,0,0,0.67251,0.74009,0.17025,0,-0.74009,0.67251,0.6715,0,0,0,1
1,0,0,0,0,0.66499,0.74685,0.17244,0,-0.74685,0.66499,0.67508,0,0,0,1
1,0,0,0,0,0.6598,0.75144,0.17541,0,-0.75144,0.6598,0.67805,0,0,0,1
1,0,0,0,0,0.64774,0.76186,0.17726,0,-0.76186,0.64774,0.68124,0,0,0,1
1,0,0,0,0,0.63458,0.77286,0.17996,0,-0.77286,0.63458,0.68378,0,0,0,1
1,0,0,0,0,0.62787,0.77832,0.1828,0,-0.77832,0.62787,0.68701,0,0,0,1
1,0,0,0,0,0.62794,0.77826,0.18468,0,-0.77826,0.62794,0.69114,0,0,0,1
1,0,0,0,0,0.61701,0.78696,0.18683,0,-0.78696,0.61701,0.69364,0,0,0,1
1,0,0,0,0,0.61724,0.78677,0.18953,0,-0.78677,0.61724,0.69761,0,0,0,1
1,0,0,0,0,0.59995,0.80004,0.193,0,-0.80004,0.59995,0.70018,0,0,0,1
1,0,0,0,0,0.59911,0.80067,0.19447,0,-0.80067,0.59911,0.70182,0,0,0,1
1,0,0,0,0,0.58937,0.80786,0.19723,0,-0.80786,0.58937,0.70557,0,0,0,1
1,0,0,0,0,0.58843,0.80854,0.19986,0,-0.80854,0.58843,0.70751,0,0,0,1
1,0,0,0,0,0.57917,0.81521,0.20195,0,-0.81521,0.57917,0.71103,0,0,0,1
1,0,0,0,0,0.58149,0.81355,0.20512,0,-0.81355,0.58149,0.71367,0,0,0,1
1,0,0,0,0,0.56346,0.82614,0.20803,0,-0.82614,0.56346,0.71463,0,0,0,1
1,0,0,0,0,0.55723,0.83036,0.21054,0,-0.83036,0.55723,0.71737,0,0,0,1
1,0,0,0,0,0.56313,0.82637,0.21389,0,-0.82637,0.56313,0.72054,0,0,0,1
1,0,0,0,0,0.55728,0.83033,0.21426,0,-0.83033,0.55728,0.72259,0,0,0,1
1,0,0,0,0,0.56267,0.82668,0.21704,0,-0.82668,0.56267,0.72444,0,0,0,1
1,0,0,0,0,-0.84529,-0.53431,0.41088,0,0.53431,-0.84529,0.30976,0,0,0,1
1,0,0,0,0,-0.845,-0.53477,0.4116,0,0.53477,-0.845,0.30954,0,0,0,1
1,0,0,0,0,-0.84276,-0.53829,0.412,0,0.53829,-0.84276,0.30958,0,0,0,1
1,0,0,0,0,-0.84304,-0.53785,0.41196,0,0.53785,-0.84304,0.30943,0,0,0,1
1,0,0,0,0,-0.84634,-0.53265,0.41152,0,0.53265,-0.84634,0.30986,0,0,0,1
1,0,0,0,0,-0.84634,-0.53265,0.41152,0,0.53265,-0.84634,0.30986,0,0,0,1
1,0,0,0,0,-0.84511,-0.53459,0.41178,0,0.53459,-0.84511,0.30986,0,0,0,1
1,0,0,0,0,-0.84432,-0.53584,0.41249,0,0.53584,-0.84432,0.30967,0,0,0,1
1,0,0,0,0,-0.84314,-0.5377,0.41298,0,0.5377,-0.84314,0.31003,0,0,0,1
1,0,0,0,0,-0.84492,-0.53489,0.41289,0,0.53489,-0.84492,0.31011,0,0,0,1
1,0,0,0,0,-0.8425,-0.5387,0.41471,0,0.5387,-0.8425,0.3104,0,0,0,1
1,0,0,0,0,-0.84066,-0.54156,0.41587,0,0.54156,-0.84066,0.31001,0,0,0,1
1,0,0,0,0,-0.83829,-0.54523,0.41795,0,0.54523,-0.83829,0.30985,0,0,0,1
1,0,0,0,0,-0.83495,-0.55033,0.41969,0,0.55033,-0.83495,0.31027,0,0,0,1
1,0,0,0,0,-0.82944,-0.5586,0.42156,0,0.5586,-0.82944,0.31084,0,0,0,1
1,0,0,0,0,-0.82951,-0.5585,0.42312,0,0.5585,-0.82951,0.31079,0,0,0,1
1,0,0,0,0,-0.82112,-0.57076,0.4268,0,0.57076,-0.82112,0.31138,0,0,0,1
1,0,0,0,0,-0.81492,-0.57958,0.42949,0,0.57958,-0.81492,0.31216,0,0,0,1
1,0,0,0,0,-0.80426,-0.59427,0.43266,0,0.59427,-0.80426,0.31339,0,0,0,1
1,0,0,0,0,-0.79699,-0.60399,0.4362,0,0.60399,-0.79699,0.31388,0,0,0,1
1,0,0,0,0,-0.79014,-0.61293,0.44032,0,0.61293,-0.79014,0.31535,0,0,0,1
1,0,0,0,0,-0.77022,-0.63778,0.44466,0,0.63778,-0.77022,0.31589,0,0,0,1
1,0,0,0,0,-0.75782,-0.65246,0.4495,0,0.65246,-0.75782,0.31592,0,0,0,1
1,0,0,0,0,-0.73991,-0.67271,0.45507,0,0.67271,-0.73991,0.31784,0,0,0,1
1,0,0,0,0,-0.72011,-0.69386,0.4602,0,0.69386,-0.72011,0.31911,0,0,0,1
1,0,0,0,0,-0.69327,-0.72068,0.46587,0,0.72068,-0.69327,0.32059,0,0,0,1
1,0,0,0,0,-0.67455,-0.73823,0.47176,0,0.73823,-0.67455,0.32106,0,0,0,1
1,0,0,0,0,-0.64699,-0.7625,0.47785,0,0.7625,-0.64699,0.32253,0,0,0,1
1,0,0,0,0,-0.61242,-0.79054,0.48395,0,0.79054,-0.61242,0.32392,0,0,0,1
1,0,0,0,0,-0.59055,-0.807,0.48921,0,0.807,-0.59055,0.326,0,0,0,1
1,0,0,0,0,-0.55418,-0.8324,0.49491,0,0.8324,-0.55418,0.32862,0,0,0,1
1,0,0,0,0,-0.51723,-0.85585,0.50011,0,0.85585,-0.51723,0.33074,0,0,0,1
1,0,0,0,0,-0.48408,-0.87502,0.50483,0,0.87502,-0.48408,0.33426,0,0,0,1
1,0,0,0,0,-0.44551,-0.89528,0.50958,0,0.89528,-0.44551,0.33879,0,0,0,1
1,0,0,0,0,-0.40622,-0.91377,0.51336,0,0.91377,-0.40622,0.34345,0,0,0,1
1,0,0,0,0,-0.36751,-0.93002,0.51702,0,0.93002,-0.36751,0.34809,0,0,0,1
1,0,0,0,0,-0.3326,-0.94307,0.52054,0,0.94307,-0.3326,0.35385,0,0,0,1
1,0,0,0,0,-0.28314,-0.95908,0.52271,0,0.95908,-0.28314,0.36162,0,0,0,1
1,0,0,0,0,-0.25039,-0.96815,0.52503,0,0.96815,-0.25039,0.36929,0,0,0,1
1,0,0,0,0,-0.21465,-0.97669,0.52724,0,0.97669,-0.21465,0.37721,0,0,0,1
1,0,0,0,0,-0.17891,-0.98387,0.52857,0,0.98387,-0.17891,0.38601,0,0,0,1
1,0,0,0,0,-0.13774,-0.99047,0.53018,0,0.99047,-0.13774,0.39529,0,0,0,1
1,0,0,0,0,-0.097571,-0.99523,0.52984,0,0.99523,-0.097571,0.4051,0,0,0,1
1,0,0,0,0,-0.05832,-0.9983,0.53007,0,0.9983,-0.05832,0.41503,0,0,0,1
1,0,0,0,0,-0.022058,-0.99976,0.5307,0,0.99976,-0.022058,0.42509,0,0,0,1
1,0,0,0,0,0.024192,-0.99971,0.53032,0,0.99971,0.024192,0.43611,0,0,0,1
1,0,0,0,0,0.059873,-0.99821,0.52983,0,0.99821,0.059873,0.44752,0,0,0,1
1,0,0,0,0,0.096823,-0.9953,0.52907,0,0.9953,0.096823,0.45921,0,0,0,1
1,0,0,0,0,0.13753,-0.9905,0.52854,0,0.9905,0.13753,0.4713,0,0,0,1
1,0,0,0,0,0.16809,-0.98577,0.52759,0,0.98577,0.16809,0.48174,0,0,0,1
1,0,0,0,0,0.21033,-0.97763,0.52607,0,0.97763,0.21033,0.49505,0,0,0,1
1,0,0,0,0,0.25236,-0.96763,0.52447,0,0.96763,0.25236,0.50756,0,0,0,1
1,0,0,0,0,0.27757,-0.96071,0.52185,0,0.96071,0.27757,0.51951,0,0,0,1
1,0,0,0,0,0.32006,-0.9474,0.51986,0,0.9474,0.32006,0.53146,0,0,0,1
1,0,0,0,0,0.35017,-0.93668,0.51727,0,0.93668,0.35017,0.54438,0,0,0,1
1,0,0,0,0,0.38457,-0.9231,0.51487,0,0.9231,0.38457,0.55683,0,0,0,1
1,0,0,0,0,0.41734,-0.90875,0.5121,0,0.90875,0.41734,0.56908,0,0,0,1
1,0,0,0,0,0.44523,-0.89542,0.50861,0,0.89542,0.44523,0.58209,0,0,0,1
1,0,0,0,0,0.47557,-0.87968,0.50617,0,0.87968,0.47557,0.59409,0,0,0,1
1,0,0,0,0,0.51226,-0.85883,0.50219,0,0.85883,0.51226,0.60672,0,0,0,1
1,0,0,0,0,0.53326,-0.84595,0.49862,0,0.84595,0.53326,0.61986,0,0,0,1
1,0,0,0,0,0.56371,-0.82598,0.49545,0,0.82598,0.56371,0.63087,0,0,0,1
1,0,0,0,0,0.59545,-0.80339,0.49058,0,0.80339,0.59545,0.64354,0,0,0,1
1,0,0,0,0,0.61165,-0.79113,0.48616,0,0.79113,0.61165,0.65427,0,0,0,1
1,0,0,0,0,0.64041,-0.76803,0.48168,0,0.76803,0.64041,0.66725,0,0,0,1
1,0,0,0,0,0.65608,-0.75469,0.47701,0,0.75469,0.65608,0.67871,0,0,0,1
1,0,0,0,0,0.68487,-0.72867,0.47235,0,0.72867,0.68487,0.68987,0,0,0,1
1,0,0,0,0,0.70741,-0.7068,0.46708,0,0.7068,0.70741,0.70154,0,0,0,1
1,0,0,0,0,0.72715,-0.68648,0.4623,0,0.68648,0.72715,0.71206,0,0,0,1
1,0,0,0,0,0.75162,-0.6596,0.45653,0,0.6596,0.75162,0.72466,0,0,0,1
1,0,0,0,0,0.76964,-0.63848,0.4517,0,0.63848,0.76964,0.73512,0,0,0,1
1,0,0,0,0,0.787,-0.61695,0.44558,0,0.61695,0.787,0.74659,0,0,0,1
1,0,0,0,0,0.80439,-0.5941,0.43984,0,0.5941,0.80439,0.75797,0,0,0,1
1,0,0,0,0,0.82192,-0.5696,0.43453,0,0.5696,0.82192,0.76901,0,0,0,1
1,0,0,0,0,0.83936,-0.54357,0.42746,0,0.54357,0.83936,0.78013,0,0,0,1
1,0,0,0,0,0.8554,-0.51797,0.42155,0,0.51797,0.8554,0.79044,0,0,0,1
1,0,0,0,0,0.87172,-0.49,0.41519,0,0.49,0.87172,0.80066,0,0,0,1
1,0,0,0,0,0.88151,-0.47217,0.40839,0,0.47217,0.88151,0.81105,0,0,0,1
1,0,0,0,0,0.90028,-0.43531,0.40105,0,0.43531,0.90028,0.82152,0,0,0,1
1,0,0,0,0,0.91346,-0.40694,0.39408,0,0.40694,0.91346,0.832,0,0,0,1
1,0,0,0,0,0.92539,-0.37901,0.38746,0,0.37901,0.92539,0.84141,0,0,0,1
1,0,0,0,0,0.93325,-0.35923,0.38033,0,0.35923,0.93325,0.85133,0,0,0,1
1,0,0,0,0,0.94042,-0.34003,0.37351,0,0.34003,0.94042,0.86011,0,0,0,1
1,0,0,0,0,0.95394,-0.3,0.36658,0,0.3,0.95394,0.86953,0,0,0,1
1,0,0,0,0,0.96252,-0.27119,0.36022,0,0.27119,0.96252,0.87882,0,0,0,1
1,0,0,0,0,0.96906,-0.24684,0.35394,0,0.24684,0.96906,0.88787,0,0,0,1
1,0,0,0,0,0.97422,-0.22562,0.34587,0,0.22562,0.97422,0.8976,0,0,0,1
1,0,0,0,0,0.97954,-0.20127,0.34038,0,0.20127,0.97954,0.90602,0,0,0,1
1,0,0,0,0,0.98521,-0.17136,0.33394,0,0.17136,0.98521,0.91566,0,0,0,1
1,0,0,0,0,0.98697,-0.16093,0.32881,0,0.16093,0.98697,0.92401,0,0,0,1
1,0,0,0,0,0.99092,-0.13447,0.32211,0,0.13447,0.99092,0.93242,0,0,0,1
1,0,0,0,0,0.99369,-0.11218,0.31645,0,0.11218,0.99369,0.94088,0,0,0,1
1,0,0,0,0,0.99531,-0.096785,0.31142,0,0.096785,0.99531,0.94974,0,0,0,1
1,0,0,0,0,0.99643,-0.08446,0.30657,0,0.08446,0.99643,0.95835,0,0,0,1
1,0,0,0,0,0.99747,-0.071081,0.30243,0,0.071081,0.99747,0.96607,0,0,0,1
1,0,0,0,0,0.99844,-0.05584,0.29876,0,0.05584,0.99844,0.97435,0,0,0,1
1,0,0,0,0,0.99894,-0.046098,0.29595,0,0.046098,0.99894,0.98228,0,0,0,1
1,0,0,0,0,0.99902,-0.044252,0.29241,0,0.044252,0.99902,0.98968,0,0,0,1
1,0,0,0,0,0.99965,-0.026526,0.28912,0,0.026526,0.99965,0.99659,0,0,0,1
1,0,0,0,0,0.99956,-0.02956,0.28644,0,0.02956,0.99956,1.0046,0,0,0,1
1,0,0,0,0,0.9991,-0.042532,0.28383,0,0.042532,0.9991,1.0117,0,0,0,1
1,0,0,0,0,0.99918,-0.040399,0.28106,0,0.040399,0.99918,1.019,0,0,0,1
1,0,0,0,0,0.99974,-0.02302,0.28013,0,0.02302,0.99974,1.0261,0,0,0,1
1,0,0,0,0,0.99989,-0.015013,0.27927,0,0.015013,0.99989,1.033,0,0,0,1
1,0,0,0,0,0.99943,-0.033795,0.27925,0,0.033795,0.99943,1.0393,0,0,0,1
1,0,0,0,0,0.99935,-0.036097,0.28026,0,0.036097,0.99935,1.0466,0,0,0,1
1,0,0,0,0,0.9994,-0.034658,0.27983,0,0.034658,0.9994,1.052,0,0,0,1
1,0,0,0,0,0.99987,-0.016083,0.27812,0,0.016083,0.99987,1.0576,0,0,0,1
1,0,0,0,0,0.99993,-0.012131,0.27727,0,0.012131,0.99993,1.0636,0,0,0,1
1,0,0,0,0,0.99995,-0.0096189,0.27777,0,0.0096189,0.99995,1.069,0,0,0,1
1,0,0,0,0,0.99992,-0.012348,0.27759,0,0.012348,0.99992,1.0753,0,0,0,1
1,0,0,0,0,0.99973,-0.023068,0.27872,0,0.023068,0.99973,1.0798,0,0,0,1
1,0,0,0,0,0.99943,-0.03386,0.28009,0,0.03386,0.99943,1.0852,0,0,0,1
1,0,0,0,0,0.99913,-0.041798,0.28163,0,0.041798,0.99913,1.0908,0,0,0,1
1,0,0,0,0,0.99842,-0.056174,0.2819,0,0.056174,0.99842,1.0963,0,0,0,1
1,0,0,0,0,0.99819,-0.060209,0.2817,0,0.060209,0.99819,1.1014,0,0,0,1
1,0,0,0,0,0.99846,-0.055493,0.28237,0,0.055493,0.99846,1.1043,0,0,0,1
1,0,0,0,0,0.99882,-0.048616,0.28346,0,0.048616,0.99882,1.1082,0,0,0,1
1,0,0,0,0,0.99864,-0.052224,0.28478,0,0.052224,0.99864,1.1115,0,0,0,1
1,0,0,0,0,0.99852,-0.054387,0.2853,0,0.054387,0.99852,1.1148,0,0,0,1
1,0,0,0,0,0.99801,-0.06306,0.28651,0,0.06306,0.99801,1.119,0,0,0,1
1,0,0,0,0,0.99831,-0.058119,0.28744,0,0.058119,0.99831,1.122,0,0,0,1
1,0,0,0,0,0.99814,-0.060905,0.28776,0,0.060905,0.99814,1.1256,0,0,0,1
1,0,0,0,0,0.99764,-0.068683,0.28727,0,0.068683,0.99764,1.1283,0,0,0,1
1,0,0,0,0,0.99749,-0.070767,0.28839,0,0.070767,0.99749,1.1314,0,0,0,1
1,0,0,0,0,0.99689,-0.078819,0.28976,0,0.078819,0.99689,1.1347,0,0,0,1
1,0,0,0,0,0.99717,-0.075166,0.29015,0,0.075166,0.99717,1.1366,0,0,0,1
1,0,0,0,0,0.99704,-0.076846,0.29013,0,0.076846,0.99704,1.138,0,0,0,1
1,0,0,0,0,0.99663,-0.082071,0.29118,0,0.082071,0.99663,1.1403,0,0,0,1
1,0,0,0,0,0.99667,-0.081597,0.29126,0,0.081597,0.99667,1.1426,0,0,0,1
1,0,0,0,0,0.99685,-0.079269,0.29238,0,0.079269,0.99685,1.144,0,0,0,1
1,0,0,0,0,0.99658,-0.082641,0.29352,0,0.082641,0.99658,1.1453,0,0,0,1
1,0,0,0,0,0.99725,-0.074131,0.29293,0,0.074131,0.99725,1.1466,0,0,0,1
1,0,0,0,0,0.99803,-0.062694,0.29288,0,0.062694,0.99803,1.1475,0,0,0,1
1,0,0,0,0,0.99743,-0.07161,0.29438,0,0.07161,0.99743,1.1487,0,0,0,1
1,0,0,0,0,0.99746,-0.071218,0.29475,0,0.071218,0.99746,1.149,0,0,0,1
1,0,0,0,0,0.99704,-0.076877,0.29579,0,0.076877,0.99704,1.1504,0,0,0,1
1,0,0,0,0,0.99721,-0.074629,0.29617,0,0.074629,0.99721,1.1512,0,0,0,1
1,0,0,0,0,0.99689,-0.078855,0.2966,0,0.078855,0.99689,1.1514,0,0,0,1
1,0,0,0,0,0.9966,-0.082448,0.29771,0,0.082448,0.9966,1.1512,0,0,0,1
1,0,0,0,0,0.99616,-0.08759,0.29871,0,0.08759,0.99616,1.1514,0,0,0,1
1,0,0,0,0,0.99445,-0.10524,0.30163,0,0.10524,0.99445,1.1511,0,0,0,1
1,0,0,0,0,0.99328,-0.11575,0.30409,0,0.11575,0.99328,1.152,0,0,0,1
1,0,0,0,0,0.99169,-0.12866,0.30529,0,0.12866,0.99169,1.1527,0,0,0,1
1,0,0,0,0,0.99082,-0.13516,0.30707,0,0.13516,0.99082,1.1527,0,0,0,1
1,0,0,0,0,0.9884,-0.15188,0.3093,0,0.15188,0.9884,1.1526,0,0,0,1
1,0,0,0,0,0.98695,-0.16106,0.31221,0,0.16106,0.98695,1.1527,0,0,0,1
1,0,0,0,0,0.98379,-0.17932,0.31585,0,0.17932,0.98379,1.1523,0,0,0,1
1,0,0,0,0,0.98402,-0.17808,0.31688,0,0.17808,0.98402,1.1525,0,0,0,1
1,0,0,0,0,0.98059,-0.19607,0.3206,0,0.19607,0.98059,1.1518,0,0,0,1
1,0,0,0,0,0.97881,-0.20475,0.32263,0,0.20475,0.97881,1.1518,0,0,0,1
1,0,0,0,0,0.97747,-0.21109,0.32449,0,0.21109,0.97747,1.1523,0,0,0,1
1,0,0,0,0,0.97443,-0.2247,0.32786,0,0.2247,0.97443,1.1521,0,0,0,1
1,0,0,0,0,0.97275,-0.23184,0.33059,0,0.23184,0.97275,1.1521,0,0,0,1
1,0,0,0,0,0.97301,-0.23076,0.33267,0,0.23076,0.97301,1.152,0,0,0,1
1,0,0,0,0,0.97014,-0.24256,0.33498,0,0.24256,0.97014,1.1523,0,0,0,1
1,0,0,0,0,0.96948,-0.24515,0.33785,0,0.24515,0.96948,1.1523,0,0,0,1
1,0,0,0,0,0.9662,-0.2578,0.33995,0,0.2578,0.9662,1.1529,0,0,0,1
1,0,0,0,0,0.96014,-0.27951,0.34171,0,0.27951,0.96014,1.1532,0,0,0,1
1,0,0,0,0,0.95623,-0.29263,0.34527,0,0.29263,0.95623,1.1538,0,0,0,1
1,0,0,0,0,0.95326,-0.30216,0.34907,0,0.30216,0.95326,1.1542,0,0,0,1
1,0,0,0,0,0.94906,-0.3151,0.35235,0,0.3151,0.94906,1.1555,0,0,0,1
1,0,0,0,0,0.94595,-0.32431,0.35266,0,0.32431,0.94595,1.1553,0,0,0,1
1,0,0,0,0,0.94565,-0.3252,0.35474,0,0.3252,0.94565,1.156,0,0,0,1
1,0,0,0,0,0.94372,-0.33076,0.35728,0,0.33076,0.94372,1.1565,0,0,0,1
1,0,0,0,0,0.94337,-0.33175,0.35937,0,0.33175,0.94337,1.1568,0,0,0,1
1,0,0,0,0,0.94226,-0.33487,0.36084,0,0.33487,0.94226,1.1585,0,0,0,1
1,0,0,0,0,0.93696,-0.34944,0.36285,0,0.34944,0.93696,1.1594,0,0,0,1
1,0,0,0,0,0.93646,-0.35077,0.36571,0,0.35077,0.93646,1.1595,0,0,0,1
1,0,0,0,0,0.93548,-0.35339,0.36655,0,0.35339,0.93548,1.16,0,0,0,1
1,0,0,0,0,0.99987,-0.01594,0,0,0.01594,0.99987,0.06793,0,0,0,1
1,0,0,0,0,0.99989,-0.014585,7.3934e-05,0,0.014585,0.99989,0.067491,0,0,0,1
1,0,0,0,0,0.99989,-0.014585,7.3934e-05,0,0.014585,0.99989,0.067491,0,0,0,1
1,0,0,0,0,0.9999,-0.014033,-0.00031232,0,0.014033,0.9999,0.067569,0,0,0,1
1,0,0,0,0,0.99989,-0.014585,7.3934e-05,0,0.014585,0.99989,0.067491,0,0,0,1
1,0,0,0,0,0.99989,-0.014585,7.3934e-05,0,0.014585,0.99989,0.067491,0,0,0,1
1,0,0,0,0,0.99989,-0.014585,7.3934e-05,0,0.014585,0.99989,0.067491,0,0,0,1
1,0,0,0,0,0.99989,-0.014924,-3.8432e-05,0,0.014924,0.99989,0.066845,0,0,0,1
1,0,0,0,0,0.99991,-0.013759,0.00020737,0,0.013759,0.99991,0.067369,0,0,0,1
1,0,0,0,0,0.99991,-0.013759,0.00020737,0,0.013759,0.99991,0.067369,0,0,0,1
1,0,0,0,0,0.99992,-0.012497,0.00021509,0,0.012497,0.99992,0.067559,0,0,0,1
1,0,0,0,0,0.99996,-0.0089818,0.00022844,0,0.0089818,0.99996,0.068086,0,0,0,1
1,0,0,0,0,0.99995,-0.0097904,0.00016172,0,0.0097904,0.99995,0.068474,0,0,0,1
1,0,0,0,0,1,-0.0030098,2.3154e-05,0,0.0030098,1,0.069491,0,0,0,1
1,0,0,0,0,1,-0.00073107,8.2975e-06,0,0.00073107,1,0.071068,0,0,0,1
1,0,0,0,0,1,-0.0015456,0.00013012,0,0.0015456,1,0.072646,0,0,0,1
1,0,0,0,0,1,0.0015066,0.00019251,0,-0.0015066,1,0.076039,0,0,0,1
1,0,0,0,0,0.99999,-0.0037993,0.00041705,0,0.0037993,0.99999,0.07762,0,0,0,1
1,0,0,0,0,1,0.0027622,0.00049778,0,-0.0027622,1,0.082466,0,0,0,1
1,0,0,0,0,0.99999,0.0049019,0.00036187,0,-0.0049019,0.99999,0.085354,0,0,0,1
1,0,0,0,0,0.99996,0.0088892,0.00024004,0,-0.0088892,0.99996,0.089157,0,0,0,1
1,0,0,0,0,0.99994,0.010683,0.00023956,0,-0.010683,0.99994,0.094517,0,0,0,1
1,0,0,0,0,0.99997,0.0074955,-1.8664e-05,0,-0.0074955,0.99997,0.099912,0,0,0,1
1,0,0,0,0,0.99995,0.010304,-4.9106e-05,0,-0.010304,0.99995,0.10621,0,0,0,1
1,0,0,0,0,0.99991,0.013434,-0.00041811,0,-0.013434,0.99991,0.1137,0,0,0,1
1,0,0,0,0,0.99981,0.019322,-0.0010066,0,-0.019322,0.99981,0.12134,0,0,0,1
1,0,0,0,0,0.99987,0.01596,-0.0011925,0,-0.01596,0.99987,0.13066,0,0,0,1
1,0,0,0,0,0.9998,0.020211,-0.0014641,0,-0.020211,0.9998,0.13944,0,0,0,1
1,0,0,0,0,0.99966,0.026184,-0.0022203,0,-0.026184,0.99966,0.14941,0,0,0,1
1,0,0,0,0,0.99967,0.025601,-0.0021019,0,-0.025601,0.99967,0.16112,0,0,0,1
1,0,0,0,0,0.99955,0.030151,-0.0030292,0,-0.030151,0.99955,0.17281,0,0,0,1
1,0,0,0,0,0.99929,0.037609,-0.0035698,0,-0.037609,0.99929,0.18553,0,0,0,1
1,0,0,0,0,0.99945,0.033293,-0.0041393,0,-0.033293,0.99945,0.19974,0,0,0,1
1,0,0,0,0,0.99921,0.039774,-0.0046286,0,-0.039774,0.99921,0.21423,0,0,0,1
1,0,0,0,0,0.99927,0.038098,-0.0063538,0,-0.038098,0.99927,0.23077,0,0,0,1
1,0,0,0,0,0.99927,0.038093,-0.0068932,0,-0.038093,0.99927,0.24765,0,0,0,1
1,0,0,0,0,0.99922,0.039476,-0.0070609,0,-0.039476,0.99922,0.26526,0,0,0,1
1,0,0,0,0,0.99919,0.040169,-0.0081938,0,-0.040169,0.99919,0.28271,0,0,0,1
1,0,0,0,0,0.99929,0.037689,-0.0087809,0,-0.037689,0.99929,0.30166,0,0,0,1
1,0,0,0,0,0.99915,0.041311,-0.0092241,0,-0.041311,0.99915,0.31933,0,0,0,1
1,0,0,0,0,0.99925,0.038711,-0.010294,0,-0.038711,0.99925,0.3398,0,0,0,1
1,0,0,0,0,0.99934,0.036412,-0.010367,0,-0.036412,0.99934,0.3589,0,0,0,1
1,0,0,0,0,0.99944,0.033474,-0.010646,0,-0.033474,0.99944,0.37891,0,0,0,1
1,0,0,0,0,0.99938,0.035153,-0.010988,0,-0.035153,0.99938,0.39946,0,0,0,1
1,0,0,0,0,0.99953,0.030645,-0.011221,0,-0.030645,0.99953,0.41986,0,0,0,1
1,0,0,0,0,0.9995,0.031726,-0.011596,0,-0.031726,0.9995,0.44033,0,0,0,1
1,0,0,0,0,0.99955,0.02987,-0.012186,0,-0.02987,0.99955,0.46167,0,0,0,1
1,0,0,0,0,0.99962,0.027396,-0.012073,0,-0.027396,0.99962,0.48298,0,0,0,1
1,0,0,0,0,0.99971,0.02414,-0.012077,0,-0.02414,0.99971,0.50389,0,0,0,1
1,0,0,0,0,0.99982,0.018987,-0.011866,0,-0.018987,0.99982,0.52492,0,0,0,1
1,0,0,0,0,0.99987,0.016271,-0.011792,0,-0.016271,0.99987,0.54549,0,0,0,1
1,0,0,0,0,0.99989,0.014937,-0.011646,0,-0.014937,0.99989,0.56665,0,0,0,1
1,0,0,0,0,0.99993,0.011927,-0.011589,0,-0.011927,0.99993,0.58814,0,0,0,1
1,0,0,0,0,0.99999,0.0052631,-0.011564,0,-0.0052631,0.99999,0.60926,0,0,0,1
1,0,0,0,0,0.99999,0.0042899,-0.011114,0,-0.0042899,0.99999,0.62921,0,0,0,1
1,0,0,0,0,0.99999,-0.0039148,-0.011188,0,0.0039148,0.99999,0.65039,0,0,0,1
1,0,0,0,0,0.99999,-0.0041898,-0.011276,0,0.0041898,0.99999,0.67078,0,0,0,1
1,0,0,0,0,0.99998,-0.0060949,-0.010918,0,0.0060949,0.99998,0.69132,0,0,0,1
1,0,0,0,0,0.99997,-0.0079939,-0.0106,0,0.0079939,0.99997,0.71217,0,0,0,1
1,0,0,0,0,0.99991,-0.013494,-0.010611,0,0.013494,0.99991,0.73091,0,0,0,1
1,0,0,0,0,0.99981,-0.019321,-0.010216,0,0.019321,0.99981,0.75171,0,0,0,1
1,0,0,0,0,0.99974,-0.022693,-0.0098208,0,0.022693,0.99974,0.77089,0,0,0,1
1,0,0,0,0,0.99985,-0.017139,-0.0094596,0,0.017139,0.99985,0.79016,0,0,0,1
1,0,0,0,0,0.99966,-0.02591,-0.0096104,0,0.02591,0.99966,0.80932,0,0,0,1
1,0,0,0,0,0.99958,-0.028987,-0.0096808,0,0.028987,0.99958,0.82794,0,0,0,1
1,0,0,0,0,0.9995,-0.031545,-0.0096089,0,0.031545,0.9995,0.84592,0,0,0,1
1,0,0,0,0,0.99955,-0.030072,-0.0087478,0,0.030072,0.99955,0.86357,0,0,0,1
1,0,0,0,0,0.99944,-0.033525,-0.0086636,0,0.033525,0.99944,0.88099,0,0,0,1
1,0,0,0,0,0.99923,-0.039254,-0.0084411,0,0.039254,0.99923,0.89958,0,0,0,1
1,0,0,0,0,0.99913,-0.041744,-0.0085031,0,0.041744,0.99913,0.9171,0,0,0,1
1,0,0,0,0,0.99886,-0.04766,-0.0073812,0,0.04766,0.99886,0.93372,0,0,0,1
1,0,0,0,0,0.99878,-0.049434,-0.0076246,0,0.049434,0.99878,0.95109,0,0,0,1
1,0,0,0,0,0.99863,-0.052283,-0.0059478,0,0.052283,0.99863,0.9671,0,0,0,1
1,0,0,0,0,0.99837,-0.057014,-0.0045998,0,0.057014,0.99837,0.98391,0,0,0,1
1,0,0,0,0,0.9979,-0.064787,-0.0045295,0,0.064787,0.9979,0.9995,0,0,0,1
1,0,0,0,0,0.99789,-0.065001,-0.0043336,0,0.065001,0.99789,1.0135,0,0,0,1
1,0,0,0,0,0.99792,-0.064509,-0.0040707,0,0.064509,0.99792,1.029,0,0,0,1
1,0,0,0,0,0.99797,-0.063724,-0.0037771,0,0.063724,0.99797,1.0434,0,0,0,1
1,0,0,0,0,0.99808,-0.061987,-0.0033418,0,0.061987,0.99808,1.0573,0,0,0,1
1,0,0,0,0,0.99799,-0.063383,-0.0031141,0,0.063383,0.99799,1.0712,0,0,0,1
1,0,0,0,0,0.99799,-0.06345,-0.002789,0,0.06345,0.99799,1.0843,0,0,0,1
1,0,0,0,0,0.99813,-0.061055,-0.0027868,0,0.061055,0.99813,1.0973,0,0,0,1
1,0,0,0,0,0.99801,-0.063114,-0.0028085,0,0.063114,0.99801,1.1094,0,0,0,1
1,0,0,0,0,0.9981,-0.061537,-0.0024184,0,0.061537,0.9981,1.1218,0,0,0,1
1,0,0,0,0,0.99786,-0.065385,-0.002696,0,0.065385,0.99786,1.1334,0,0,0,1
1,0,0,0,0,0.9979,-0.064812,-0.0027331,0,0.064812,0.9979,1.1448,0,0,0,1
1,0,0,0,0,0.99753,-0.070295,-0.0029714,0,0.070295,0.99753,1.1553,0,0,0,1
1,0,0,0,0,0.99716,-0.075289,-0.0029181,0,0.075289,0.99716,1.1665,0,0,0,1
1,0,0,0,0,0.99739,-0.07215,-0.0032189,0,0.07215,0.99739,1.1767,0,0,0,1
1,0,0,0,0,0.99709,-0.076283,-0.0034025,0,0.076283,0.99709,1.1872,0,0,0,1
1,0,0,0,0,0.99739,-0.072245,-0.0044542,0,0.072245,0.99739,1.1967,0,0,0,1
1,0,0,0,0,0.99726,-0.07396,-0.004335,0,0.07396,0.99726,1.2064,0,0,0,1
1,0,0,0,0,0.99752,-0.070368,-0.0047754,0,0.070368,0.99752,1.2157,0,0,0,1
1,0,0,0,0,0.99756,-0.069799,-0.0049758,0,0.069799,0.99756,1.2246,0,0,0,1
1,0,0,0,0,0.99729,-0.073542,-0.0057987,0,0.073542,0.99729,1.2339,0,0,0,1
1,0,0,0,0,0.99725,-0.074052,-0.0062975,0,0.074052,0.99725,1.2419,0,0,0,1
1,0,0,0,0,0.99716,-0.075326,-0.0066552,0,0.075326,0.99716,1.25,0,0,0,1
1,0,0,0,0,0.99759,-0.069448,-0.0076409,0,0.069448,0.99759,1.2577,0,0,0,1
1,0,0,0,0,0.99722,-0.074554,-0.0081553,0,0.074554,0.99722,1.2666,0,0,0,1
1,0,0,0,0,0.99718,-0.074987,-0.0080851,0,0.074987,0.99718,1.2744,0,0,0,1
1,0,0,0,0,0.99741,-0.071877,-0.0081687,0,0.071877,0.99741,1.2828,0,0,0,1
1,0,0,0,0,0.99713,-0.075758,-0.0086964,0,0.075758,0.99713,1.2905,0,0,0,1
1,0,0,0,0,0.99723,-0.074447,-0.0089321,0,0.074447,0.99723,1.2972,0,0,0,1
1,0,0,0,0,0.99703,-0.07699,-0.0096374,0,0.07699,0.99703,1.3044,0,0,0,1
1,0,0,0,0,0.99704,-0.076875,-0.0097952,0,0.076875,0.99704,1.3112,0,0,0,1
1,0,0,0,0,0.99681,-0.079858,-0.0099793,0,0.079858,0.99681,1.3183,0,0,0,1
1,0,0,0,0,0.99666,-0.081647,-0.010712,0,0.081647,0.99666,1.3246,0,0,0,1
1,0,0,0,0,0.99682,-0.079669,-0.010876,0,0.079669,0.99682,1.3308,0,0,0,1
1,0,0,0,0,0.99675,-0.080585,-0.011616,0,0.080585,0.99675,1.3368,0,0,0,1
1,0,0,0,0,0.99679,-0.080111,-0.01158,0,0.080111,0.99679,1.3429,0,0,0,1
1,0,0,0,0,0.99688,-0.078979,-0.012219,0,0.078979,0.99688,1.3486,0,0,0,1
1,0,0,0,0,0.9969,-0.078617,-0.013195,0,0.078617,0.9969,1.354,0,0,0,1
1,0,0,0,0,0.99701,-0.077329,-0.013373,0,0.077329,0.99701,1.3591,0,0,0,1
1,0,0,0,0,0.99712,-0.075775,-0.013547,0,0.075775,0.99712,1.3634,0,0,0,1
1,0,0,0,0,0.99708,-0.076364,-0.013816,0,0.076364,0.99708,1.3684,0,0,0,1
1,0,0,0,0,0.99715,-0.075389,-0.014278,0,0.075389,0.99715,1.3735,0,0,0,1
1,0,0,0,0,0.9973,-0.07343,-0.014608,0,0.07343,0.9973,1.3769,0,0,0,1
1,0,0,0,0,0.99733,-0.07309,-0.015144,0,0.07309,0.99733,1.3806,0,0,0,1
1,0,0,0,0,0.99679,-0.080061,-0.0151,0,0.080061,0.99679,1.3861,0,0,0,1
1,0,0,0,0,0.99702,-0.077196,-0.015448,0,0.077196,0.99702,1.3901,0,0,0,1
1,0,0,0,0,0.99727,-0.073798,-0.015624,0,0.073798,0.99727,1.3924,0,0,0,1
1,0,0,0,0,0.99702,-0.077091,-0.016395,0,0.077091,0.99702,1.3967,0,0,0,1
1,0,0,0,0,0.99733,-0.073008,-0.016593,0,0.073008,0.99733,1.3997,0,0,0,1
1,0,0,0,0,0.99707,-0.076471,-0.016413,0,0.076471,0.99707,1.4033,0,0,0,1
1,0,0,0,0,0.99684,-0.079429,-0.017675,0,0.079429,0.99684,1.4049,0,0,0,1
1,0,0,0,0,0.99681,-0.079835,-0.017808,0,0.079835,0.99681,1.4078,0,0,0,1
1,0,0,0,0,0.99729,-0.073634,-0.017647,0,0.073634,0.99729,1.4101,0,0,0,1
1,0,0,0,0,0.99712,-0.075871,-0.01815,0,0.075871,0.99712,1.4121,0,0,0,1
1,0,0,0,0,0.99718,-0.075003,-0.018166,0,0.075003,0.99718,1.4136,0,0,0,1
1,0,0,0,0,0.99723,-0.074323,-0.018175,0,0.074323,0.99723,1.4148,0,0,0,1
1,0,0,0,0,0.99733,-0.073078,-0.018862,0,0.073078,0.99733,1.4162,0,0,0,1
1,0,0,0,0,0.99728,-0.07367,-0.018685,0,0.07367,0.99728,1.4178,0,0,0,1
1,0,0,0,0,0.99698,-0.077636,-0.018895,0,0.077636,0.99698,1.4189,0,0,0,1
1,0,0,0,0,0.99704,-0.076852,-0.019241,0,0.076852,0.99704,1.4201,0,0,0,1
1,0,0,0,0,0.99695,-0.077992,-0.020447,0,0.077992,0.99695,1.421,0,0,0,1
1,0,0,0,0,0.99684,-0.079412,-0.020128,0,0.079412,0.99684,1.4217,0,0,0,1
1,0,0,0,0,0.99661,-0.082291,-0.019771,0,0.082291,0.99661,1.4227,0,0,0,1
1,0,0,0,0,0.99662,-0.082093,-0.020401,0,0.082093,0.99662,1.4226,0,0,0,1
1,0,0,0,0,0.99687,-0.079052,-0.020625,0,0.079052,0.99687,1.4227,0,0,0,1
1,0,0,0,0,0.99695,-0.07802,-0.021221,0,0.07802,0.99695,1.4226,0,0,0,1
1,0,0,0,0,0.99678,-0.080175,-0.021416,0,0.080175,0.99678,1.4229,0,0,0,1
1,0,0,0,0,0.99658,-0.082687,-0.021681,0,0.082687,0.99658,1.4224,0,0,0,1
1,0,0,0,0,0.99652,-0.083397,-0.021426,0,0.083397,0.99652,1.4225,0,0,0,1
1,0,0,0,0,0.99649,-0.083722,-0.021568,0,0.083722,0.99649,1.4226,0,0,0,1
1,0,0,0,0,0.99636,-0.08528,-0.021748,0,0.08528,0.99636,1.422,0,0,0,1
1,0,0,0,0,0.9961,-0.088214,-0.021817,0,0.088214,0.9961,1.4213,0,0,0,1
1,0,0,0,0,0.996,-0.089388,-0.021964,0,0.089388,0.996,1.4213,0,0,0,1
1,0,0,0,0,0.99595,-0.089938,-0.02245,0,0.089938,0.99595,1.4204,0,0,0,1
1,0,0,0,0,0.99615,-0.087684,-0.022116,0,0.087684,0.99615,1.4186,0,0,0,1
1,0,0,0,0,0.99621,-0.087035,-0.021899,0,0.087035,0.99621,1.4183,0,0,0,1
1,0,0,0,0,0.99583,-0.091244,-0.02261,0,0.091244,0.99583,1.4174,0,0,0,1
1,0,0,0,0,0.99544,-0.095373,-0.023067,0,0.095373,0.99544,1.4173,0,0,0,1
1,0,0,0,0,0.99528,-0.097012,-0.023041,0,0.097012,0.99528,1.4166,0,0,0,1
1,0,0,0,0,0.99547,-0.095048,-0.023057,0,0.095048,0.99547,1.4163,0,0,0,1
1,0,0,0,0,0.99564,-0.093248,-0.022957,0,0.093248,0.99564,1.4157,0,0,0,1
1,0,0,0,0,0.99556,-0.094095,-0.022708,0,0.094095,0.99556,1.4159,0,0,0,1
1,0,0,0,0,0.99566,-0.093098,-0.022503,0,0.093098,0.99566,1.4155,0,0,0,1
1,0,0,0,0,0.9954,-0.095837,-0.022788,0,0.095837,0.9954,1.4159,0,0,0,1
1,0,0,0,0,0.99571,-0.092541,-0.022285,0,0.092541,0.99571,1.4155,0,0,0,1
1,0,0,0,0,0.99574,-0.092212,-0.022169,0,0.092212,0.99574,1.4155,0,0,0,1
1,0,0,0,0,0.9958,-0.091506,-0.022109,0,0.091506,0.9958,1.4154,0,0,0,1
1,0,0,0,0,0.99605,-0.088765,-0.021804,0,0.088765,0.99605,1.416,0,0,0,1
1,0,0,0,0,0.99599,-0.089477,-0.021275,0,0.089477,0.99599,1.4162,0,0,0,1
1,0,0,0,0,0.99634,-0.085433,-0.020912,0,0.085433,0.99634,1.4169,0,0,0,1
1,0,0,0,0,0.99654,-0.08315,-0.020257,0,0.08315,0.99654,1.4173,0,0,0,1
1,0,0,0,0,0.99656,-0.082865,-0.019772,0,0.082865,0.99656,1.4175,0,0,0,1
1,0,0,0,0,0.99677,-0.08029,-0.019518,0,0.08029,0.99677,1.4181,0,0,0,1
1,0,0,0,0,0.99681,-0.079811,-0.019168,0,0.079811,0.99681,1.4183,0,0,0,1
1,0,0,0,0,0.99728,-0.073654,-0.018112,0,0.073654,0.99728,1.4194,0,0,0,1
1,0,0,0,0,0.99706,-0.076595,-0.017894,0,0.076595,0.99706,1.4202,0,0,0,1
1,0,0,0,0,-0.83457,0.55091,-0.41717,0,-0.55091,-0.83457,0.303,0,0,0,1
1,0,0,0,0,-0.83688,0.54738,-0.41697,0,-0.54738,-0.83688,0.30246,0,0,0,1
1,0,0,0,0,-0.83774,0.54606,-0.41721,0,-0.54606,-0.83774,0.30254,0,0,0,1
1,0,0,0,0,-0.83774,0.54606,-0.41721,0,-0.54606,-0.83774,0.30254,0,0,0,1
1,0,0,0,0,-0.83791,0.54581,-0.41732,0,-0.54581,-0.83791,0.30267,0,0,0,1
1,0,0,0,0,-0.83791,0.54581,-0.41732,0,-0.54581,-0.83791,0.30267,0,0,0,1
1,0,0,0,0,-0.83812,0.54548,-0.41766,0,-0.54548,-0.83812,0.30265,0,0,0,1
1,0,0,0,0,-0.8381,0.54552,-0.41774,0,-0.54552,-0.8381,0.30276,0,0,0,1
1,0,0,0,0,-0.83819,0.54537,-0.4187,0,-0.54537,-0.83819,0.3024,0,0,0,1
1,0,0,0,0,-0.83799,0.54568,-0.41905,0,-0.54568,-0.83799,0.30247,0,0,0,1
1,0,0,0,0,-0.83718,0.54693,-0.42103,0,-0.54693,-0.83718,0.30245,0,0,0,1
1,0,0,0,0,-0.83212,0.55459,-0.42276,0,-0.55459,-0.83212,0.30259,0,0,0,1
1,0,0,0,0,-0.82993,0.55787,-0.42466,0,-0.55787,-0.82993,0.303,0,0,0,1
1,0,0,0,0,-0.82198,0.56952,-0.42706,0,-0.56952,-0.82198,0.30378,0,0,0,1
1,0,0,0,0,-0.81844,0.5746,-0.42909,0,-0.5746,-0.81844,0.30382,0,0,0,1
1,0,0,0,0,-0.81113,0.58487,-0.43256,0,-0.58487,-0.81113,0.30427,0,0,0,1
1,0,0,0,0,-0.8042,0.59436,-0.43605,0,-0.59436,-0.8042,0.30513,0,0,0,1
1,0,0,0,0,-0.79439,0.6074,-0.43969,0,-0.6074,-0.79439,0.30624,0,0,0,1
1,0,0,0,0,-0.78075,0.62485,-0.44413,0,-0.62485,-0.78075,0.30616,0,0,0,1
1,0,0,0,0,-0.76542,0.64353,-0.44903,0,-0.64353,-0.76542,0.30727,0,0,0,1
1,0,0,0,0,-0.75437,0.65645,-0.45383,0,-0.65645,-0.75437,0.30854,0,0,0,1
1,0,0,0,0,-0.73844,0.67432,-0.45888,0,-0.67432,-0.73844,0.30888,0,0,0,1
1,0,0,0,0,-0.71491,0.69922,-0.46538,0,-0.69922,-0.71491,0.31048,0,0,0,1
1,0,0,0,0,-0.69832,0.71579,-0.4713,0,-0.71579,-0.69832,0.31067,0,0,0,1
1,0,0,0,0,-0.67239,0.74019,-0.47771,0,-0.74019,-0.67239,0.31286,0,0,0,1
1,0,0,0,0,-0.64404,0.76499,-0.48441,0,-0.76499,-0.64404,0.31407,0,0,0,1
1,0,0,0,0,-0.61601,0.78774,-0.49101,0,-0.78774,-0.61601,0.31444,0,0,0,1
1,0,0,0,0,-0.58713,0.80949,-0.49828,0,-0.80949,-0.58713,0.3168,0,0,0,1
1,0,0,0,0,-0.54342,0.83946,-0.50533,0,-0.83946,-0.54342,0.31804,0,0,0,1
1,0,0,0,0,-0.50735,0.86174,-0.51222,0,-0.86174,-0.50735,0.31979,0,0,0,1
1,0,0,0,0,-0.46669,0.88442,-0.51779,0,-0.88442,-0.46669,0.32291,0,0,0,1
1,0,0,0,0,-0.43704,0.89944,-0.52434,0,-0.89944,-0.43704,0.32575,0,0,0,1
1,0,0,0,0,-0.39399,0.91912,-0.53041,0,-0.91912,-0.39399,0.32822,0,0,0,1
1,0,0,0,0,-0.35271,0.93573,-0.53549,0,-0.93573,-0.35271,0.33285,0,0,0,1
1,0,0,0,0,-0.31209,0.95005,-0.54036,0,-0.95005,-0.31209,0.3373,0,0,0,1
1,0,0,0,0,-0.27423,0.96166,-0.54445,0,-0.96166,-0.27423,0.34356,0,0,0,1
1,0,0,0,0,-0.23,0.97319,-0.54761,0,-0.97319,-0.23,0.3489,0,0,0,1
1,0,0,0,0,-0.19554,0.9807,-0.55088,0,-0.9807,-0.19554,0.35658,0,0,0,1
1,0,0,0,0,-0.15396,0.98808,-0.55409,0,-0.98808,-0.15396,0.36425,0,0,0,1
1,0,0,0,0,-0.11271,0.99363,-0.55597,0,-0.99363,-0.11271,0.37118,0,0,0,1
1,0,0,0,0,-0.072549,0.99736,-0.55727,0,-0.99736,-0.072549,0.38089,0,0,0,1
1,0,0,0,0,-0.04374,0.99904,-0.55821,0,-0.99904,-0.04374,0.38979,0,0,0,1
1,0,0,0,0,-0.0053026,0.99999,-0.55951,0,-0.99999,-0.0053026,0.39968,0,0,0,1
1,0,0,0,0,0.027533,0.99962,-0.56003,0,-0.99962,0.027533,0.41021,0,0,0,1
1,0,0,0,0,0.061059,0.99813,-0.56023,0,-0.99813,0.061059,0.42069,0,0,0,1
1,0,0,0,0,0.09326,0.99564,-0.55968,0,-0.99564,0.09326,0.43165,0,0,0,1
1,0,0,0,0,0.13468,0.99089,-0.55859,0,-0.99089,0.13468,0.44274,0,0,0,1
1,0,0,0,0,0.15853,0.98735,-0.55815,0,-0.98735,0.15853,0.45301,0,0,0,1
1,0,0,0,0,0.19638,0.98053,-0.55722,0,-0.98053,0.19638,0.46511,0,0,0,1
1,0,0,0,0,0.22588,0.97416,-0.55541,0,-0.97416,0.22588,0.47562,0,0,0,1
1,0,0,0,0,0.25703,0.9664,-0.55331,0,-0.9664,0.25703,0.48717,0,0,0,1
1,0,0,0,0,0.2901,0.957,-0.55135,0,-0.957,0.2901,0.49868,0,0,0,1
1,0,0,0,0,0.31733,0.94832,-0.54954,0,-0.94832,0.31733,0.5106,0,0,0,1
1,0,0,0,0,0.34621,0.93816,-0.5474,0,-0.93816,0.34621,0.5223,0,0,0,1
1,0,0,0,0,0.37348,0.92764,-0.54463,0,-0.92764,0.37348,0.53423,0,0,0,1
1,0,0,0,0,0.40464,0.91448,-0.54118,0,-0.91448,0.40464,0.54606,0,0,0,1
1,0,0,0,0,0.42926,0.90318,-0.53872,0,-0.90318,0.42926,0.55803,0,0,0,1
1,0,0,0,0,0.45707,0.88943,-0.53624,0,-0.88943,0.45707,0.56908,0,0,0,1
1,0,0,0,0,0.48124,0.87659,-0.53225,0,-0.87659,0.48124,0.58116,0,0,0,1
1,0,0,0,0,0.51419,0.85768,-0.52882,0,-0.85768,0.51419,0.59299,0,0,0,1
1,0,0,0,0,0.53187,0.84683,-0.5249,0,-0.84683,0.53187,0.60551,0,0,0,1
1,0,0,0,0,0.55767,0.83006,-0.52095,0,-0.83006,0.55767,0.61764,0,0,0,1
1,0,0,0,0,0.58541,0.81074,-0.5167,0,-0.81074,0.58541,0.62786,0,0,0,1
1,0,0,0,0,0.6134,0.78977,-0.5119,0,-0.78977,0.6134,0.63935,0,0,0,1
1,0,0,0,0,0.63108,0.77572,-0.50772,0,-0.77572,0.63108,0.65059,0,0,0,1
1,0,0,0,0,0.65244,0.75784,-0.50329,0,-0.75784,0.65244,0.66241,0,0,0,1
1,0,0,0,0,0.67134,0.74115,-0.4984,0,-0.74115,0.67134,0.67266,0,0,0,1
1,0,0,0,0,0.69007,0.72374,-0.49355,0,-0.72374,0.69007,0.68389,0,0,0,1
1,0,0,0,0,0.71236,0.70181,-0.48884,0,-0.70181,0.71236,0.69388,0,0,0,1
1,0,0,0,0,0.72507,0.68867,-0.48375,0,-0.68867,0.72507,0.70429,0,0,0,1
1,0,0,0,0,0.74641,0.66548,-0.4778,0,-0.66548,0.74641,0.71509,0,0,0,1
1,0,0,0,0,0.7636,0.64569,-0.47253,0,-0.64569,0.7636,0.72494,0,0,0,1
1,0,0,0,0,0.77638,0.63026,-0.46666,0,-0.63026,0.77638,0.73546,0,0,0,1
1,0,0,0,0,0.79742,0.60343,-0.46107,0,-0.60343,0.79742,0.7449,0,0,0,1
1,0,0,0,0,0.81061,0.58559,-0.45536,0,-0.58559,0.81061,0.7554,0,0,0,1
1,0,0,0,0,0.82943,0.55861,-0.44931,0,-0.55861,0.82943,0.76498,0,0,0,1
1,0,0,0,0,0.84072,0.54147,-0.44255,0,-0.54147,0.84072,0.7745,0,0,0,1
1,0,0,0,0,0.85759,0.51434,-0.43677,0,-0.51434,0.85759,0.78426,0,0,0,1
1,0,0,0,0,0.86984,0.49333,-0.4302,0,-0.49333,0.86984,0.79341,0,0,0,1
1,0,0,0,0,0.8824,0.4705,-0.4235,0,-0.4705,0.8824,0.8026,0,0,0,1
1,0,0,0,0,0.89549,0.44509,-0.41646,0,-0.44509,0.89549,0.81178,0,0,0,1
1,0,0,0,0,0.90881,0.41721,-0.40959,0,-0.41721,0.90881,0.82114,0,0,0,1
1,0,0,0,0,0.91812,0.3963,-0.40206,0,-0.3963,0.91812,0.82945,0,0,0,1
1,0,0,0,0,0.92612,0.37722,-0.39531,0,-0.37722,0.92612,0.83742,0,0,0,1
1,0,0,0,0,0.93564,0.35297,-0.38826,0,-0.35297,0.93564,0.84619,0,0,0,1
1,0,0,0,0,0.94637,0.3231,-0.38219,0,-0.3231,0.94637,0.85424,0,0,0,1
1,0,0,0,0,0.95628,0.29246,-0.37398,0,-0.29246,0.95628,0.86283,0,0,0,1
1,0,0,0,0,0.96141,0.27512,-0.3661,0,-0.27512,0.96141,0.86988,0,0,0,1
1,0,0,0,0,0.96913,0.24657,-0.35962,0,-0.24657,0.96913,0.87876,0,0,0,1
1,0,0,0,0,0.97607,0.21746,-0.35267,0,-0.21746,0.97607,0.88619,0,0,0,1
1,0,0,0,0,0.98073,0.19539,-0.34603,0,-0.19539,0.98073,0.89423,0,0,0,1
1,0,0,0,0,0.98441,0.17588,-0.33957,0,-0.17588,0.98441,0.90182,0,0,0,1
1,0,0,0,0,0.98844,0.15164,-0.33397,0,-0.15164,0.98844,0.90907,0,0,0,1
1,0,0,0,0,0.99185,0.12741,-0.32861,0,-0.12741,0.99185,0.91661,0,0,0,1
1,0,0,0,0,0.9942,0.10751,-0.32246,0,-0.10751,0.9942,0.92412,0,0,0,1
1,0,0,0,0,0.99616,0.087495,-0.31758,0,-0.087495,0.99616,0.93183,0,0,0,1
1,0,0,0,0,0.99761,0.069082,-0.31232,0,-0.069082,0.99761,0.93927,0,0,0,1
1,0,0,0,0,0.99817,0.060504,-0.30829,0,-0.060504,0.99817,0.94672,0,0,0,1
1,0,0,0,0,0.99903,0.044066,-0.30431,0,-0.044066,0.99903,0.95444,0,0,0,1
1,0,0,0,0,0.99967,0.025523,-0.30071,0,-0.025523,0.99967,0.96167,0,0,0,1
1,0,0,0,0,0.99989,0.014546,-0.29788,0,-0.014546,0.99989,0.96776,0,0,0,1
1,0,0,0,0,0.99999,-0.0035783,-0.29497,0,0.0035783,0.99999,0.97525,0,0,0,1
1,0,0,0,0,0.9999,-0.014328,-0.29216,0,0.014328,0.9999,0.98279,0,0,0,1
1,0,0,0,0,0.99982,-0.018914,-0.29045,0,0.018914,0.99982,0.98971,0,0,0,1
1,0,0,0,0,0.99979,-0.020529,-0.28969,0,0.020529,0.99979,0.99614,0,0,0,1
1,0,0,0,0,0.99943,-0.033676,-0.28853,0,0.033676,0.99943,1.0024,0,0,0,1
1,0,0,0,0,0.99937,-0.03546,-0.2875,0,0.03546,0.99937,1.0088,0,0,0,1
1,0,0,0,0,0.99951,-0.031287,-0.28725,0,0.031287,0.99951,1.0146,0,0,0,1
1,0,0,0,0,0.99935,-0.036084,-0.28681,0,0.036084,0.99935,1.0206,0,0,0,1
1,0,0,0,0,0.99934,-0.036454,-0.28705,0,0.036454,0.99934,1.0264,0,0,0,1
1,0,0,0,0,0.9992,-0.039889,-0.28699,0,0.039889,0.9992,1.0322,0,0,0,1
1,0,0,0,0,0.99932,-0.036802,-0.28683,0,0.036802,0.99932,1.0377,0,0,0,1
1,0,0,0,0,0.99925,-0.03877,-0.28701,0,0.03877,0.99925,1.0429,0,0,0,1
1,0,0,0,0,0.99931,-0.037085,-0.28726,0,0.037085,0.99931,1.0472,0,0,0,1
1,0,0,0,0,0.99936,-0.035745,-0.28874,0,0.035745,0.99936,1.0521,0,0,0,1
1,0,0,0,0,0.99923,-0.039199,-0.28884,0,0.039199,0.99923,1.0561,0,0,0,1
1,0,0,0,0,0.99924,-0.038985,-0.29046,0,0.038985,0.99924,1.0606,0,0,0,1
1,0,0,0,0,0.99904,-0.043819,-0.29208,0,0.043819,0.99904,1.065,0,0,0,1
1,0,0,0,0,0.99932,-0.036863,-0.29269,0,0.036863,0.99932,1.0681,0,0,0,1
1,0,0,0,0,0.99938,-0.035299,-0.29276,0,0.035299,0.99938,1.0727,0,0,0,1
1,0,0,0,0,0.99981,-0.019445,-0.29525,0,0.019445,0.99981,1.0754,0,0,0,1
1,0,0,0,0,0.99995,-0.010354,-0.29693,0,0.010354,0.99995,1.0781,0,0,0,1
1,0,0,0,0,0.99996,-0.0094673,-0.29856,0,0.0094673,0.99996,1.0816,0,0,0,1
1,0,0,0,0,0.99998,-0.005976,-0.2999,0,0.005976,0.99998,1.0846,0,0,0,1
1,0,0,0,0,1,-0.0013533,-0.30186,0,0.0013533,1,1.0866,0,0,0,1
1,0,0,0,0,0.99996,-0.0085664,-0.30333,0,0.0085664,0.99996,1.0892,0,0,0,1
1,0,0,0,0,0.99999,-0.0047482,-0.30394,0,0.0047482,0.99999,1.0906,0,0,0,1
1,0,0,0,0,0.99994,0.010983,-0.30524,0,-0.010983,0.99994,1.0929,0,0,0,1
1,0,0,0,0,0.99989,0.014498,-0.30588,0,-0.014498,0.99989,1.0954,0,0,0,1
1,0,0,0,0,0.99999,0.0041369,-0.30808,0,-0.0041369,0.99999,1.0962,0,0,0,1
1,0,0,0,0,0.99998,0.0064341,-0.3084,0,-0.0064341,0.99998,1.0962,0,0,0,1
1,0,0,0,0,0.99991,0.013317,-0.30969,0,-0.013317,0.99991,1.0983,0,0,0,1
1,0,0,0,0,0.99985,0.017067,-0.31152,0,-0.017067,0.99985,1.1,0,0,0,1
1,0,0,0,0,0.99975,0.022563,-0.31201,0,-0.022563,0.99975,1.1006,0,0,0,1
1,0,0,0,0,0.99972,0.023816,-0.31346,0,-0.023816,0.99972,1.1011,0,0,0,1
1,0,0,0,0,0.99967,0.025786,-0.31445,0,-0.025786,0.99967,1.1012,0,0,0,1
1,0,0,0,0,0.99925,0.038719,-0.31514,0,-0.038719,0.99925,1.102,0,0,0,1
1,0,0,0,0,0.99959,0.028618,-0.3153,0,-0.028618,0.99959,1.1018,0,0,0,1
1,0,0,0,0,0.99956,0.02976,-0.31625,0,-0.02976,0.99956,1.1015,0,0,0,1
1,0,0,0,0,0.99967,0.025685,-0.31813,0,-0.025685,0.99967,1.1017,0,0,0,1
1,0,0,0,0,0.99954,0.030452,-0.31911,0,-0.030452,0.99954,1.1019,0,0,0,1
1,0,0,0,0,0.99932,0.036773,-0.32012,0,-0.036773,0.99932,1.102,0,0,0,1
1,0,0,0,0,0.99898,0.045265,-0.32047,0,-0.045265,0.99898,1.1019,0,0,0,1
1,0,0,0,0,0.99858,0.053305,-0.32178,0,-0.053305,0.99858,1.1007,0,0,0,1
1,0,0,0,0,0.9986,0.052821,-0.32312,0,-0.052821,0.9986,1.0995,0,0,0,1
1,0,0,0,0,0.99826,0.058965,-0.32442,0,-0.058965,0.99826,1.0983,0,0,0,1
1,0,0,0,0,0.99806,0.062314,-0.32563,0,-0.062314,0.99806,1.0969,0,0,0,1
1,0,0,0,0,0.9972,0.074782,-0.32769,0,-0.074782,0.9972,1.0964,0,0,0,1
1,0,0,0,0,0.99666,0.081683,-0.32922,0,-0.081683,0.99666,1.0963,0,0,0,1
1,0,0,0,0,0.99605,0.088831,-0.33086,0,-0.088831,0.99605,1.0956,0,0,0,1
1,0,0,0,0,0.99613,0.087872,-0.33226,0,-0.087872,0.99613,1.0936,0,0,0,1
1,0,0,0,0,0.99652,0.083301,-0.33334,0,-0.083301,0.99652,1.0923,0,0,0,1
1,0,0,0,0,0.99693,0.078257,-0.33456,0,-0.078257,0.99693,1.0912,0,0,0,1
1,0,0,0,0,0.99665,0.081741,-0.33615,0,-0.081741,0.99665,1.0915,0,0,0,1
1,0,0,0,0,0.99613,0.0879,-0.33641,0,-0.0879,0.99613,1.0916,0,0,0,1
1,0,0,0,0,0.99554,0.094355,-0.33844,0,-0.094355,0.99554,1.0916,0,0,0,1
1,0,0,0,0,0.99515,0.098364,-0.33943,0,-0.098364,0.99515,1.0913,0,0,0,1
1,0,0,0,0,0.99463,0.10351,-0.34,0,-0.10351,0.99463,1.0912,0,0,0,1
1,0,0,0,0,0.99451,0.10461,-0.342,0,-0.10461,0.99451,1.092,0,0,0,1
1,0,0,0,0,0.99451,0.10465,-0.34263,0,-0.10465,0.99451,1.0927,0,0,0,1
1,0,0,0,0,0.99344,0.11434,-0.34346,0,-0.11434,0.99344,1.0932,0,0,0,1
1,0,0,0,0,0.99293,0.11868,-0.34472,0,-0.11868,0.99293,1.094,0,0,0,1
1,0,0,0,0,0.99248,0.12241,-0.34534,0,-0.12241,0.99248,1.0951,0,0,0,1
1,0,0,0,0,0.99199,0.12631,-0.34652,0,-0.12631,0.99199,1.0961,0,0,0,1
1,0,0,0,0,0.99061,0.13673,-0.34771,0,-0.13673,0.99061,1.0965,0,0,0,1
1,0,0,0,0,0.99012,0.14021,-0.34891,0,-0.14021,0.99012,1.0969,0,0,0,1
1,0,0,0,0,0.9891,0.14723,-0.34978,0,-0.14723,0.9891,1.0974,0,0,0,1
1,0,0,0,0,0.98841,0.15182,-0.35067,0,-0.15182,0.98841,1.0992,0,0,0,1
1,0,0,0,0,0.98735,0.15855,-0.35107,0,-0.15855,0.98735,1.1007,0,0,0,1
1,0,0,0,0,0.98671,0.1625,-0.35178,0,-0.1625,0.98671,1.1021,0,0,0,1
1,0,0,0,0,0.96552,-0.26033,-0.49481,0,0.26033,0.96552,0.28127,0,0,0,1
1,0,0,0,0,0.96571,-0.25963,-0.49483,0,0.25963,0.96571,0.28137,0,0,0,1
1,0,0,0,0,0.96504,-0.26212,-0.49455,0,0.26212,0.96504,0.2813,0,0,0,1
1,0,0,0,0,0.9655,-0.26039,-0.49476,0,0.26039,0.9655,0.28164,0,0,0,1
1,0,0,0,0,0.96588,-0.25899,-0.49493,0,0.25899,0.96588,0.2815,0,0,0,1
1,0,0,0,0,0.96571,-0.25963,-0.49483,0,0.25963,0.96571,0.28137,0,0,0,1
1,0,0,0,0,0.96555,-0.2602,-0.49496,0,0.2602,0.96555,0.28163,0,0,0,1
1,0,0,0,0,0.96566,-0.25981,-0.49523,0,0.25981,0.96566,0.28152,0,0,0,1
1,0,0,0,0,0.9658,-0.25929,-0.49538,0,0.25929,0.9658,0.28187,0,0,0,1
1,0,0,0,0,0.96637,-0.25716,-0.497,0,0.25716,0.96637,0.2821,0,0,0,1
1,0,0,0,0,0.96588,-0.25898,-0.4985,0,0.25898,0.96588,0.28103,0,0,0,1
1,0,0,0,0,0.96522,-0.26143,-0.50028,0,0.26143,0.96522,0.28047,0,0,0,1
1,0,0,0,0,0.96314,-0.26899,-0.50194,0,0.26899,0.96314,0.28047,0,0,0,1
1,0,0,0,0,0.96049,-0.27831,-0.50417,0,0.27831,0.96049,0.27976,0,0,0,1
1,0,0,0,0,0.95767,-0.28787,-0.50677,0,0.28787,0.95767,0.27891,0,0,0,1
1,0,0,0,0,0.95605,-0.29319,-0.50928,0,0.29319,0.95605,0.27876,0,0,0,1
1,0,0,0,0,0.95006,-0.31208,-0.5131,0,0.31208,0.95006,0.27866,0,0,0,1
1,0,0,0,0,0.94682,-0.32178,-0.5165,0,0.32178,0.94682,0.27808,0,0,0,1
1,0,0,0,0,0.94181,-0.33614,-0.52066,0,0.33614,0.94181,0.27772,0,0,0,1
1,0,0,0,0,0.93636,-0.35103,-0.52625,0,0.35103,0.93636,0.27605,0,0,0,1
1,0,0,0,0,0.93115,-0.36465,-0.53063,0,0.36465,0.93115,0.27468,0,0,0,1
1,0,0,0,0,0.92519,-0.37951,-0.53627,0,0.37951,0.92519,0.27267,0,0,0,1
1,0,0,0,0,0.91539,-0.40257,-0.54313,0,0.40257,0.91539,0.27092,0,0,0,1
1,0,0,0,0,0.90217,-0.43139,-0.5481,0,0.43139,0.90217,0.26848,0,0,0,1
1,0,0,0,0,0.89248,-0.45109,-0.55427,0,0.45109,0.89248,0.26571,0,0,0,1
1,0,0,0,0,0.87809,-0.47849,-0.561,0,0.47849,0.87809,0.26241,0,0,0,1
1,0,0,0,0,0.86571,-0.50054,-0.56717,0,0.50054,0.86571,0.25966,0,0,0,1
1,0,0,0,0,0.84542,-0.5341,-0.5741,0,0.5341,0.84542,0.25655,0,0,0,1
1,0,0,0,0,0.83558,-0.54937,-0.58013,0,0.54937,0.83558,0.25236,0,0,0,1
1,0,0,0,0,0.8175,-0.57593,-0.58704,0,0.57593,0.8175,0.24942,0,0,0,1
1,0,0,0,0,0.80393,-0.59473,-0.59232,0,0.59473,0.80393,0.24461,0,0,0,1
1,0,0,0,0,0.78541,-0.61897,-0.59821,0,0.61897,0.78541,0.24037,0,0,0,1
1,0,0,0,0,0.77139,-0.63637,-0.60314,0,0.63637,0.77139,0.23661,0,0,0,1
1,0,0,0,0,0.75612,-0.65444,-0.60783,0,0.65444,0.75612,0.23281,0,0,0,1
1,0,0,0,0,0.74181,-0.67061,-0.61142,0,0.67061,0.74181,0.2301,0,0,0,1
1,0,0,0,0,0.7245,-0.68928,-0.61517,0,0.68928,0.7245,0.228,0,0,0,1
1,0,0,0,0,0.71594,-0.69817,-0.61744,0,0.69817,0.71594,0.22498,0,0,0,1
1,0,0,0,0,0.71007,-0.70413,-0.61968,0,0.70413,0.71007,0.2238,0,0,0,1
1,0,0,0,0,0.70851,-0.7057,-0.62149,0,0.7057,0.70851,0.22171,0,0,0,1
1,0,0,0,0,0.70546,-0.70875,-0.62242,0,0.70875,0.70546,0.22119,0,0,0,1
1,0,0,0,0,0.69784,-0.71625,-0.6238,0,0.71625,0.69784,0.2202,0,0,0,1
1,0,0,0,0,0.69784,-0.71625,-0.6238,0,0.71625,0.69784,0.2202,0,0,0,1
1,0,0,0,0,0.69693,-0.71714,-0.6238,0,0.71714,0.69693,0.22038,0,0,0,1
1,0,0,0,0,0.70025,-0.7139,-0.62365,0,0.7139,0.70025,0.22051,0,0,0,1
1,0,0,0,0,0.70074,-0.71342,-0.62216,0,0.71342,0.70074,0.22106,0,0,0,1
1,0,0,0,0,0.70477,-0.70943,-0.62116,0,0.70943,0.70477,0.22273,0,0,0,1
1,0,0,0,0,0.71271,-0.70146,-0.62024,0,0.70146,0.71271,0.22399,0,0,0,1
1,0,0,0,0,0.71596,-0.69814,-0.61904,0,0.69814,0.71596,0.22431,0,0,0,1
1,0,0,0,0,0.71504,-0.69908,-0.61775,0,0.69908,0.71504,0.22563,0,0,0,1
1,0,0,0,0,0.72665,-0.68701,-0.61557,0,0.68701,0.72665,0.22795,0,0,0,1
1,0,0,0,0,0.72838,-0.68517,-0.61458,0,0.68517,0.72838,0.22915,0,0,0,1
1,0,0,0,0,0.7425,-0.66984,-0.61186,0,0.66984,0.7425,0.23044,0,0,0,1
1,0,0,0,0,0.74666,-0.66521,-0.61011,0,0.66521,0.74666,0.23268,0,0,0,1
1,0,0,0,0,0.75222,-0.65891,-0.60821,0,0.65891,0.75222,0.23322,0,0,0,1
1,0,0,0,0,0.76084,-0.64894,-0.60561,0,0.64894,0.76084,0.2358,0,0,0,1
1,0,0,0,0,0.76584,-0.64303,-0.60361,0,0.64303,0.76584,0.23738,0,0,0,1
1,0,0,0,0,0.77952,-0.62637,-0.60049,0,0.62637,0.77952,0.23994,0,0,0,1
1,0,0,0,0,0.7867,-0.61734,-0.59819,0,0.61734,0.7867,0.24178,0,0,0,1
1,0,0,0,0,0.79596,-0.60535,-0.59457,0,0.60535,0.79596,0.24424,0,0,0,1
1,0,0,0,0,0.8007,-0.59906,-0.59206,0,0.59906,0.8007,0.24604,0,0,0,1
1,0,0,0,0,0.81267,-0.58272,-0.58788,0,0.58272,0.81267,0.24851,0,0,0,1
1,0,0,0,0,0.82278,-0.56836,-0.58554,0,0.56836,0.82278,0.24959,0,0,0,1
1,0,0,0,0,0.83269,-0.55374,-0.58195,0,0.55374,0.83269,0.25261,0,0,0,1
1,0,0,0,0,0.84281,-0.53822,-0.57766,0,0.53822,0.84281,0.25471,0,0,0,1
1,0,0,0,0,0.85384,-0.52054,-0.57382,0,0.52054,0.85384,0.25689,0,0,0,1
1,0,0,0,0,0.86278,-0.50557,-0.57056,0,0.50557,0.86278,0.25871,0,0,0,1
1,0,0,0,0,0.87751,-0.47955,-0.56651,0,0.47955,0.87751,0.26121,0,0,0,1
1,0,0,0,0,0.88546,-0.46471,-0.56255,0,0.46471,0.88546,0.26332,0,0,0,1
1,0,0,0,0,0.89831,-0.43936,-0.55857,0,0.43936,0.89831,0.26525,0,0,0,1
1,0,0,0,0,0.90599,-0.42329,-0.55533,0,0.42329,0.90599,0.26781,0,0,0,1
1,0,0,0,0,0.91728,-0.39825,-0.5504,0,0.39825,0.91728,0.2696,0,0,0,1
1,0,0,0,0,0.92899,-0.3701,-0.54613,0,0.3701,0.92899,0.27243,0,0,0,1
1,0,0,0,0,0.93574,-0.35268,-0.54221,0,0.35268,0.93574,0.27564,0,0,0,1
1,0,0,0,0,0.94706,-0.32105,-0.53694,0,0.32105,0.94706,0.27797,0,0,0,1
1,0,0,0,0,0.95704,-0.28995,-0.53341,0,0.28995,0.95704,0.28028,0,0,0,1
1,0,0,0,0,0.96414,-0.26538,-0.52893,0,0.26538,0.96414,0.28383,0,0,0,1
1,0,0,0,0,0.97345,-0.22889,-0.52442,0,0.22889,0.97345,0.28671,0,0,0,1
1,0,0,0,0,0.97828,-0.20726,-0.52023,0,0.20726,0.97828,0.28985,0,0,0,1
1,0,0,0,0,0.98428,-0.17661,-0.51591,0,0.17661,0.98428,0.29278,0,0,0,1
1,0,0,0,0,0.98976,-0.14275,-0.51093,0,0.14275,0.98976,0.29662,0,0,0,1
1,0,0,0,0,0.99375,-0.11159,-0.50609,0,0.11159,0.99375,0.30011,0,0,0,1
1,0,0,0,0,0.99724,-0.074199,-0.50159,0,0.074199,0.99724,0.30488,0,0,0,1
1,0,0,0,0,0.99903,-0.043932,-0.49749,0,0.043932,0.99903,0.30856,0,0,0,1
1,0,0,0,0,0.99995,-0.0096282,-0.49227,0,0.0096282,0.99995,0.31342,0,0,0,1
1,0,0,0,0,0.99982,0.01914,-0.48657,0,-0.01914,0.99982,0.31843,0,0,0,1
1,0,0,0,0,0.99861,0.052697,-0.482,0,-0.052697,0.99861,0.32354,0,0,0,1
1,0,0,0,0,0.99639,0.084856,-0.47586,0,-0.084856,0.99639,0.32898,0,0,0,1
1,0,0,0,0,0.99296,0.11844,-0.47089,0,-0.11844,0.99296,0.33471,0,0,0,1
1,0,0,0,0,0.98877,0.14946,-0.46519,0,-0.14946,0.98877,0.34077,0,0,0,1
1,0,0,0,0,0.98466,0.17449,-0.46002,0,-0.17449,0.98466,0.34752,0,0,0,1
1,0,0,0,0,0.97753,0.2108,-0.45343,0,-0.2108,0.97753,0.35469,0,0,0,1
1,0,0,0,0,0.97276,0.23181,-0.44812,0,-0.23181,0.97276,0.36211,0,0,0,1
1,0,0,0,0,0.96738,0.25332,-0.44215,0,-0.25332,0.96738,0.36924,0,0,0,1
1,0,0,0,0,0.96181,0.27372,-0.43585,0,-0.27372,0.96181,0.3764,0,0,0,1
1,0,0,0,0,0.95571,0.2943,-0.43039,0,-0.2943,0.95571,0.38416,0,0,0,1
1,0,0,0,0,0.95034,0.3112,-0.42368,0,-0.3112,0.95034,0.3918,0,0,0,1
1,0,0,0,0,0.94662,0.32236,-0.41795,0,-0.32236,0.94662,0.39898,0,0,0,1
1,0,0,0,0,0.94335,0.33179,-0.4118,0,-0.33179,0.94335,0.40611,0,0,0,1
1,0,0,0,0,0.94173,0.33636,-0.40559,0,-0.33636,0.94173,0.41389,0,0,0,1
1,0,0,0,0,0.93922,0.34331,-0.39955,0,-0.34331,0.93922,0.4201,0,0,0,1
1,0,0,0,0,0.93921,0.34334,-0.39325,0,-0.34334,0.93921,0.42653,0,0,0,1
1,0,0,0,0,0.94074,0.33912,-0.38714,0,-0.33912,0.94074,0.43225,0,0,0,1
1,0,0,0,0,0.94105,0.33826,-0.38096,0,-0.33826,0.94105,0.43841,0,0,0,1
1,0,0,0,0,0.94304,0.33267,-0.37454,0,-0.33267,0.94304,0.44406,0,0,0,1
1,0,0,0,0,0.94687,0.32162,-0.3692,0,-0.32162,0.94687,0.44831,0,0,0,1
1,0,0,0,0,0.95119,0.30861,-0.36204,0,-0.30861,0.95119,0.45239,0,0,0,1
1,0,0,0,0,0.95699,0.29013,-0.35573,0,-0.29013,0.95699,0.45729,0,0,0,1
1,0,0,0,0,0.96185,0.27359,-0.35015,0,-0.27359,0.96185,0.461,0,0,0,1
1,0,0,0,0,0.96846,0.24916,-0.34377,0,-0.24916,0.96846,0.46548,0,0,0,1
1,0,0,0,0,0.97358,0.22835,-0.3372,0,-0.22835,0.97358,0.46845,0,0,0,1
1,0,0,0,0,0.97738,0.21149,-0.33042,0,-0.21149,0.97738,0.47174,0,0,0,1
1,0,0,0,0,0.98356,0.1806,-0.325,0,-0.1806,0.98356,0.47529,0,0,0,1
1,0,0,0,0,0.98861,0.15053,-0.31757,0,-0.15053,0.98861,0.47845,0,0,0,1
1,0,0,0,0,0.98956,0.1441,-0.31069,0,-0.1441,0.98956,0.4808,0,0,0,1
1,0,0,0,0,0.99392,0.11013,-0.30409,0,-0.11013,0.99392,0.4847,0,0,0,1
1,0,0,0,0,0.99753,0.070264,-0.29814,0,-0.070264,0.99753,0.48728,0,0,0,1
1,0,0,0,0,0.99884,0.048135,-0.29186,0,-0.048135,0.99884,0.49084,0,0,0,1
1,0,0,0,0,0.99998,-0.0068517,-0.28697,0,0.0068517,0.99998,0.49359,0,0,0,1
1,0,0,0,0,0.99941,-0.034393,-0.28111,0,0.034393,0.99941,0.49634,0,0,0,1
1,0,0,0,0,0.99775,-0.066974,-0.27476,0,0.066974,0.99775,0.50036,0,0,0,1
1,0,0,0,0,0.99523,-0.097513,-0.26856,0,0.097513,0.99523,0.50304,0,0,0,1
1,0,0,0,0,0.99214,-0.12511,-0.26244,0,0.12511,0.99214,0.50636,0,0,0,1
1,0,0,0,0,0.9895,-0.14452,-0.25574,0,0.14452,0.9895,0.50938,0,0,0,1
1,0,0,0,0,0.98324,-0.18233,-0.25013,0,0.18233,0.98324,0.51339,0,0,0,1
1,0,0,0,0,0.97816,-0.20784,-0.24318,0,0.20784,0.97816,0.51631,0,0,0,1
1,0,0,0,0,0.97408,-0.22621,-0.23703,0,0.22621,0.97408,0.52018,0,0,0,1
1,0,0,0,0,0.96626,-0.25757,-0.23081,0,0.25757,0.96626,0.52356,0,0,0,1
1,0,0,0,0,0.95872,-0.28436,-0.2249,0,0.28436,0.95872,0.52665,0,0,0,1
1,0,0,0,0,0.95123,-0.30849,-0.21832,0,0.30849,0.95123,0.53008,0,0,0,1
1,0,0,0,0,0.94219,-0.33509,-0.21284,0,0.33509,0.94219,0.53353,0,0,0,1
1,0,0,0,0,0.9306,-0.36603,-0.20733,0,0.36603,0.9306,0.53641,0,0,0,1
1,0,0,0,0,0.92037,-0.39105,-0.20133,0,0.39105,0.92037,0.53978,0,0,0,1
1,0,0,0,0,0.91204,-0.41011,-0.19613,0,0.41011,0.91204,0.54488,0,0,0,1
1,0,0,0,0,0.89857,-0.43883,-0.19014,0,0.43883,0.89857,0.54851,0,0,0,1
1,0,0,0,0,0.88585,-0.46397,-0.18532,0,0.46397,0.88585,0.5524,0,0,0,1
1,0,0,0,0,0.87729,-0.47997,-0.17969,0,0.47997,0.87729,0.5567,0,0,0,1
1,0,0,0,0,0.86158,-0.50761,-0.17465,0,0.50761,0.86158,0.56061,0,0,0,1
1,0,0,0,0,0.84942,-0.52771,-0.16947,0,0.52771,0.84942,0.56415,0,0,0,1
1,0,0,0,0,0.83335,-0.55275,-0.16438,0,0.55275,0.83335,0.56832,0,0,0,1
1,0,0,0,0,0.82557,-0.5643,-0.15886,0,0.5643,0.82557,0.57248,0,0,0,1
1,0,0,0,0,0.80993,-0.58652,-0.15583,0,0.58652,0.80993,0.57608,0,0,0,1
1,0,0,0,0,0.79931,-0.60092,-0.15724,0,0.60092,0.79931,0.57635,0,0,0,1
1,0,0,0,0,0.80043,-0.59943,-0.15923,0,0.59943,0.80043,0.57518,0,0,0,1
1,0,0,0,0,0.79702,-0.60396,-0.16034,0,0.60396,0.79702,0.57495,0,0,0,1
1,0,0,0,0,0.80432,-0.5942,-0.16366,0,0.5942,0.80432,0.57399,0,0,0,1
1,0,0,0,0,0.80474,-0.59362,-0.16596,0,0.59362,0.80474,0.57313,0,0,0,1
1,0,0,0,0,0.80162,-0.59784,-0.16827,0,0.59784,0.80162,0.5713,0,0,0,1
1,0,0,0,0,0.80701,-0.59054,-0.17089,0,0.59054,0.80701,0.57071,0,0,0,1
1,0,0,0,0,0.79868,-0.60176,-0.17404,0,0.60176,0.79868,0.56867,0,0,0,1
1,0,0,0,0,0.80318,-0.59573,-0.17581,0,0.59573,0.80318,0.56818,0,0,0,1
1,0,0,0,0,0.80738,-0.59003,-0.17882,0,0.59003,0.80738,0.56646,0,0,0,1
1,0,0,0,0,0.81037,-0.58591,-0.18165,0,0.58591,0.81037,0.56492,0,0,0,1
1,0,0,0,0,0.80974,-0.58678,-0.18474,0,0.58678,0.80974,0.56466,0,0,0,1
1,0,0,0,0,0.81153,-0.58432,-0.18715,0,0.58432,0.81153,0.56382,0,0,0,1
1,0,0,0,0,0.81415,-0.58065,-0.19038,0,0.58065,0.81415,0.56287,0,0,0,1
1,0,0,0,0,0.81671,-0.57705,-0.19352,0,0.57705,0.81671,0.56234,0,0,0,1
1,0,0,0,0,0.81387,-0.58105,-0.19776,0,0.58105,0.81387,0.56124,0,0,0,1
1,0,0,0,0,0.81471,-0.57987,-0.20078,0,0.57987,0.81471,0.56069,0,0,0,1
1,0,0,0,0,0.8194,-0.57322,-0.20426,0,0.57322,0.8194,0.56003,0,0,0,1
1,0,0,0,0,0.82211,-0.56932,-0.20792,0,0.56932,0.82211,0.55978,0,0,0,1
1,0,0,0,0,0.82847,-0.56003,-0.21106,0,0.56003,0.82847,0.56002,0,0,0,1
1,0,0,0,0,0.83193,-0.55488,-0.21491,0,0.55488,0.83193,0.56085,0,0,0,1
1,0,0,0,0,0.8317,-0.55523,-0.21954,0,0.55523,0.8317,0.55928,0,0,0,1
1,0,0,0,0,0.83829,-0.54523,-0.22265,0,0.54523,0.83829,0.55954,0,0,0,1
1,0,0,0,0,0.84071,-0.54148,-0.22701,0,0.54148,0.84071,0.55909,0,0,0,1
1,0,0,0,0,0.84466,-0.5353,-0.23108,0,0.5353,0.84466,0.55916,0,0,0,1
1,0,0,0,0,0.85285,-0.52216,-0.23501,0,0.52216,0.85285,0.55879,0,0,0,1
1,0,0,0,0,0.8535,-0.5211,-0.23966,0,0.5211,0.8535,0.55877,0,0,0,1
1,0,0,0,0,0.85856,-0.51271,-0.2433,0,0.51271,0.85856,0.55926,0,0,0,1
1,0,0,0,0,0.86315,-0.50495,-0.24791,0,0.50495,0.86315,0.55961,0,0,0,1
