15.411
15.415
15.42
15.424
15.428
15.432
15.436
15.44
15.445
15.449
15.453
15.457
15.461
15.465
15.47
15.474
15.478
15.482
15.486
15.49
15.495
15.499
15.503
15.507
15.511
15.515
15.52
15.524
15.528
15.532
15.536
15.541
15.545
15.549
15.553
15.557
15.561
15.566
15.57
15.574
15.578
15.582
15.586
15.591
15.595
15.599
15.603
15.607
15.611
15.616
15.62
15.624
15.628
15.632
15.636
15.641
15.645
15.649
15.653
15.657
15.661
15.666
15.67
15.674
15.678
15.682
15.686
15.691
15.695
15.699
15.703
15.707
15.712
15.716
15.72
15.724
15.728
15.732
15.737
15.741
15.745
15.749
15.753
15.757
15.762
15.766
15.77
15.774
15.778
15.782
15.787
15.791
15.795
15.799
15.803
15.807
15.812
15.816
15.82
15.824
15.828
15.832
15.837
15.841
15.845
15.849
15.853
15.858
15.862
15.866
15.87
15.874
15.878
15.883
15.887
15.891
15.895
15.899
15.903
15.908
15.912
15.916
15.92
15.924
15.928
15.933
15.937
15.941
15.945
15.949
15.953
15.958
15.962
15.966
15.97
15.974
15.978
15.983
15.987
15.991
15.995
15.999
16.003
16.008
16.012
16.016
16.02
16.024
16.029
16.033
16.037
16.041
16.045
16.049
16.054
16.058
16.062
16.066
16.07
16.074
16.079
16.083
16.087
16.091
16.095
16.099
16.104
16.108
16.112
16.116
