12.104
12.108
12.112
12.116
12.12
12.125
12.129
12.133
12.137
12.141
12.145
12.15
12.154
12.158
12.162
12.166
12.17
12.175
12.179
12.183
12.187
12.191
12.196
12.2
12.204
12.208
12.212
12.216
12.221
12.225
12.229
12.233
12.237
12.241
12.246
12.25
12.254
12.258
12.262
12.266
12.271
12.275
12.279
12.283
12.287
12.291
12.296
12.3
12.304
12.308
12.312
12.316
12.321
12.325
12.329
12.333
12.337
12.341
12.346
12.35
12.354
12.358
12.362
12.367
12.371
12.375
12.379
12.383
12.387
12.392
12.396
12.4
12.404
12.408
12.412
12.417
12.421
12.425
12.429
12.433
12.437
12.442
12.446
12.45
12.454
12.458
12.462
12.467
12.471
12.475
12.479
12.483
12.487
12.492
12.496
12.5
12.504
12.508
12.512
12.517
12.521
12.525
12.529
12.533
12.538
12.542
12.546
12.55
12.554
12.558
12.563
12.567
12.571
12.575
12.579
12.583
12.588
12.592
12.596
12.6
12.604
12.608
12.613
12.617
12.621
12.625
12.629
12.633
12.638
12.642
12.646
12.65
12.654
12.658
12.663
12.667
12.671
12.675
12.679
12.683
12.688
12.692
12.696
12.7
12.704
12.709
12.713
12.717
12.721
12.725
12.729
12.734
12.738
12.742
12.746
12.75
12.754
12.759
12.763
12.767
12.771
12.775
12.779
12.784
12.788
12.792
12.796
12.8
12.804
