1,0,0,0,0,0.97085,0.23968,0.47809,0,-0.23968,0.97085,0.29901,0,0,0,1
1,0,0,0,0,0.97014,0.24254,0.47778,0,-0.24254,0.97014,0.29889,0,0,0,1
1,0,0,0,0,0.97038,0.24158,0.47791,0,-0.24158,0.97038,0.29905,0,0,0,1
1,0,0,0,0,0.96994,0.24335,0.47776,0,-0.24335,0.96994,0.29912,0,0,0,1
1,0,0,0,0,0.96994,0.24335,0.47776,0,-0.24335,0.96994,0.29912,0,0,0,1
1,0,0,0,0,0.97028,0.24197,0.47779,0,-0.24197,0.97028,0.29872,0,0,0,1
1,0,0,0,0,0.97046,0.24126,0.47886,0,-0.24126,0.97046,0.29918,0,0,0,1
1,0,0,0,0,0.97095,0.23928,0.4795,0,-0.23928,0.97095,0.2993,0,0,0,1
1,0,0,0,0,0.97007,0.24281,0.48045,0,-0.24281,0.97007,0.29931,0,0,0,1
1,0,0,0,0,0.97071,0.24025,0.48194,0,-0.24025,0.97071,0.29863,0,0,0,1
1,0,0,0,0,0.97049,0.24113,0.48343,0,-0.24113,0.97049,0.29846,0,0,0,1
1,0,0,0,0,0.96844,0.24923,0.48425,0,-0.24923,0.96844,0.2985,0,0,0,1
1,0,0,0,0,0.96738,0.25335,0.48579,0,-0.25335,0.96738,0.29859,0,0,0,1
1,0,0,0,0,0.96641,0.25702,0.48781,0,-0.25702,0.96641,0.29797,0,0,0,1
1,0,0,0,0,0.96566,0.25981,0.49034,0,-0.25981,0.96566,0.29757,0,0,0,1
1,0,0,0,0,0.96206,0.27285,0.49222,0,-0.27285,0.96206,0.29763,0,0,0,1
1,0,0,0,0,0.96049,0.27833,0.49529,0,-0.27833,0.96049,0.29718,0,0,0,1
1,0,0,0,0,0.95739,0.28881,0.49921,0,-0.28881,0.95739,0.29698,0,0,0,1
1,0,0,0,0,0.95124,0.30846,0.50369,0,-0.30846,0.95124,0.29596,0,0,0,1
1,0,0,0,0,0.9483,0.31739,0.50741,0,-0.31739,0.9483,0.29484,0,0,0,1
1,0,0,0,0,0.94324,0.33211,0.51133,0,-0.33211,0.94324,0.29418,0,0,0,1
1,0,0,0,0,0.93545,0.35347,0.51645,0,-0.35347,0.93545,0.29258,0,0,0,1
1,0,0,0,0,0.92887,0.3704,0.52185,0,-0.3704,0.92887,0.29093,0,0,0,1
1,0,0,0,0,0.92176,0.38775,0.52648,0,-0.38775,0.92176,0.28986,0,0,0,1
1,0,0,0,0,0.91181,0.41062,0.53388,0,-0.41062,0.91181,0.28727,0,0,0,1
1,0,0,0,0,0.90398,0.42757,0.54001,0,-0.42757,0.90398,0.2844,0,0,0,1
1,0,0,0,0,0.8929,0.45025,0.54571,0,-0.45025,0.8929,0.28213,0,0,0,1
1,0,0,0,0,0.87163,0.49016,0.55197,0,-0.49016,0.87163,0.27868,0,0,0,1
1,0,0,0,0,0.86508,0.50163,0.55749,0,-0.50163,0.86508,0.27591,0,0,0,1
1,0,0,0,0,0.84876,0.52877,0.56364,0,-0.52877,0.84876,0.27381,0,0,0,1
1,0,0,0,0,0.83331,0.55281,0.56888,0,-0.55281,0.83331,0.26982,0,0,0,1
1,0,0,0,0,0.81922,0.57348,0.5739,0,-0.57348,0.81922,0.26579,0,0,0,1
1,0,0,0,0,0.81071,0.58545,0.57889,0,-0.58545,0.81071,0.26343,0,0,0,1
1,0,0,0,0,0.79542,0.60606,0.58238,0,-0.60606,0.79542,0.26128,0,0,0,1
1,0,0,0,0,0.78234,0.62285,0.58682,0,-0.62285,0.78234,0.25764,0,0,0,1
1,0,0,0,0,0.7811,0.62441,0.58997,0,-0.62441,0.7811,0.25556,0,0,0,1
1,0,0,0,0,0.76838,0.64,0.59213,0,-0.64,0.76838,0.25392,0,0,0,1
1,0,0,0,0,0.76672,0.64198,0.59378,0,-0.64198,0.76672,0.25341,0,0,0,1
1,0,0,0,0,0.76265,0.64682,0.59474,0,-0.64682,0.76265,0.25247,0,0,0,1
1,0,0,0,0,0.75259,0.65848,0.59598,0,-0.65848,0.75259,0.25178,0,0,0,1
1,0,0,0,0,0.75259,0.65848,0.59598,0,-0.65848,0.75259,0.25178,0,0,0,1
1,0,0,0,0,0.75391,0.65698,0.59623,0,-0.65698,0.75391,0.25179,0,0,0,1
1,0,0,0,0,0.75703,0.65338,0.59566,0,-0.65338,0.75703,0.25239,0,0,0,1
1,0,0,0,0,0.7631,0.64629,0.59452,0,-0.64629,0.7631,0.25305,0,0,0,1
1,0,0,0,0,0.76509,0.64393,0.59342,0,-0.64393,0.76509,0.25381,0,0,0,1
1,0,0,0,0,0.76705,0.64159,0.59226,0,-0.64159,0.76705,0.25423,0,0,0,1
1,0,0,0,0,0.77891,0.62713,0.59074,0,-0.62713,0.77891,0.25582,0,0,0,1
1,0,0,0,0,0.78168,0.62368,0.58931,0,-0.62368,0.78168,0.25706,0,0,0,1
1,0,0,0,0,0.77988,0.62593,0.58676,0,-0.62593,0.77988,0.25917,0,0,0,1
1,0,0,0,0,0.7867,0.61733,0.58361,0,-0.61733,0.7867,0.26053,0,0,0,1
1,0,0,0,0,0.79654,0.60459,0.5823,0,-0.60459,0.79654,0.26186,0,0,0,1
1,0,0,0,0,0.80418,0.59439,0.57905,0,-0.59439,0.80418,0.26374,0,0,0,1
1,0,0,0,0,0.8149,0.5796,0.57654,0,-0.5796,0.8149,0.26584,0,0,0,1
1,0,0,0,0,0.82109,0.5708,0.57352,0,-0.5708,0.82109,0.26783,0,0,0,1
1,0,0,0,0,0.83073,0.55668,0.57064,0,-0.55668,0.83073,0.27049,0,0,0,1
1,0,0,0,0,0.83512,0.55007,0.56701,0,-0.55007,0.83512,0.27216,0,0,0,1
1,0,0,0,0,0.84674,0.53201,0.56356,0,-0.53201,0.84674,0.27328,0,0,0,1
1,0,0,0,0,0.85433,0.51972,0.55919,0,-0.51972,0.85433,0.27635,0,0,0,1
1,0,0,0,0,0.86321,0.50485,0.55513,0,-0.50485,0.86321,0.27858,0,0,0,1
1,0,0,0,0,0.87619,0.48197,0.55085,0,-0.48197,0.87619,0.28058,0,0,0,1
1,0,0,0,0,0.8871,0.46157,0.54674,0,-0.46157,0.8871,0.28264,0,0,0,1
1,0,0,0,0,0.90368,0.4282,0.54209,0,-0.4282,0.90368,0.28506,0,0,0,1
1,0,0,0,0,0.90721,0.42069,0.53708,0,-0.42069,0.90721,0.28816,0,0,0,1
1,0,0,0,0,0.92287,0.38512,0.53253,0,-0.38512,0.92287,0.2907,0,0,0,1
1,0,0,0,0,0.93128,0.36432,0.52731,0,-0.36432,0.93128,0.29395,0,0,0,1
1,0,0,0,0,0.94042,0.34002,0.5226,0,-0.34002,0.94042,0.29678,0,0,0,1
1,0,0,0,0,0.95487,0.29704,0.51764,0,-0.29704,0.95487,0.30017,0,0,0,1
1,0,0,0,0,0.95997,0.28011,0.51258,0,-0.28011,0.95997,0.30433,0,0,0,1
1,0,0,0,0,0.97081,0.23984,0.50697,0,-0.23984,0.97081,0.30822,0,0,0,1
1,0,0,0,0,0.97791,0.20903,0.50234,0,-0.20903,0.97791,0.31225,0,0,0,1
1,0,0,0,0,0.98482,0.17357,0.49589,0,-0.17357,0.98482,0.31769,0,0,0,1
1,0,0,0,0,0.99033,0.13875,0.49092,0,-0.13875,0.99033,0.32181,0,0,0,1
1,0,0,0,0,0.99638,0.085051,0.48601,0,-0.085051,0.99638,0.32714,0,0,0,1
1,0,0,0,0,0.99833,0.057696,0.48011,0,-0.057696,0.99833,0.33311,0,0,0,1
1,0,0,0,0,0.99984,0.01799,0.47415,0,-0.01799,0.99984,0.33987,0,0,0,1
1,0,0,0,0,0.99962,-0.027599,0.46789,0,0.027599,0.99962,0.34718,0,0,0,1
1,0,0,0,0,0.99848,-0.05517,0.4624,0,0.05517,0.99848,0.35403,0,0,0,1
1,0,0,0,0,0.99503,-0.099621,0.45668,0,0.099621,0.99503,0.3616,0,0,0,1
1,0,0,0,0,0.99164,-0.129,0.44928,0,0.129,0.99164,0.37042,0,0,0,1
1,0,0,0,0,0.98652,-0.16366,0.44329,0,0.16366,0.98652,0.37802,0,0,0,1
1,0,0,0,0,0.98075,-0.19526,0.43684,0,0.19526,0.98075,0.38775,0,0,0,1
1,0,0,0,0,0.97455,-0.22416,0.43051,0,0.22416,0.97455,0.39626,0,0,0,1
1,0,0,0,0,0.96788,-0.25143,0.42384,0,0.25143,0.96788,0.40587,0,0,0,1
1,0,0,0,0,0.96155,-0.27461,0.41691,0,0.27461,0.96155,0.41612,0,0,0,1
1,0,0,0,0,0.95604,-0.29323,0.41029,0,0.29323,0.95604,0.42585,0,0,0,1
1,0,0,0,0,0.94991,-0.31251,0.40321,0,0.31251,0.94991,0.43613,0,0,0,1
1,0,0,0,0,0.94342,-0.33159,0.39637,0,0.33159,0.94342,0.44602,0,0,0,1
1,0,0,0,0,0.93899,-0.34394,0.38901,0,0.34394,0.93899,0.45531,0,0,0,1
1,0,0,0,0,0.93503,-0.35457,0.38204,0,0.35457,0.93503,0.46457,0,0,0,1
1,0,0,0,0,0.93376,-0.35789,0.3756,0,0.35789,0.93376,0.47401,0,0,0,1
1,0,0,0,0,0.93153,-0.36365,0.36831,0,0.36365,0.93153,0.48231,0,0,0,1
1,0,0,0,0,0.93408,-0.35706,0.36071,0,0.35706,0.93408,0.49126,0,0,0,1
1,0,0,0,0,0.93452,-0.3559,0.35314,0,0.3559,0.93452,0.49969,0,0,0,1
1,0,0,0,0,0.93568,-0.35284,0.34701,0,0.35284,0.93568,0.50768,0,0,0,1
1,0,0,0,0,0.94227,-0.33485,0.33984,0,0.33485,0.94227,0.51573,0,0,0,1
1,0,0,0,0,0.94433,-0.329,0.33222,0,0.329,0.94433,0.52295,0,0,0,1
1,0,0,0,0,0.95176,-0.30685,0.32626,0,0.30685,0.95176,0.52987,0,0,0,1
1,0,0,0,0,0.95805,-0.2866,0.31939,0,0.2866,0.95805,0.53656,0,0,0,1
1,0,0,0,0,0.96429,-0.26485,0.31272,0,0.26485,0.96429,0.54344,0,0,0,1
1,0,0,0,0,0.97211,-0.23453,0.3063,0,0.23453,0.97211,0.54893,0,0,0,1
1,0,0,0,0,0.97784,-0.20938,0.29932,0,0.20938,0.97784,0.55488,0,0,0,1
1,0,0,0,0,0.9826,-0.18572,0.29282,0,0.18572,0.9826,0.56149,0,0,0,1
1,0,0,0,0,0.98818,-0.15332,0.28571,0,0.15332,0.98818,0.56752,0,0,0,1
1,0,0,0,0,0.99063,-0.13659,0.27902,0,0.13659,0.99063,0.57325,0,0,0,1
1,0,0,0,0,0.99412,-0.10832,0.27213,0,0.10832,0.99412,0.57928,0,0,0,1
1,0,0,0,0,0.99731,-0.07336,0.26518,0,0.07336,0.99731,0.58504,0,0,0,1
1,0,0,0,0,0.99905,-0.043566,0.25827,0,0.043566,0.99905,0.5904,0,0,0,1
1,0,0,0,0,0.99981,-0.019619,0.25198,0,0.019619,0.99981,0.5965,0,0,0,1
1,0,0,0,0,0.99987,0.015906,0.24434,0,-0.015906,0.99987,0.60244,0,0,0,1
1,0,0,0,0,0.99871,0.050688,0.23692,0,-0.050688,0.99871,0.60857,0,0,0,1
1,0,0,0,0,0.99779,0.066513,0.23015,0,-0.066513,0.99779,0.61392,0,0,0,1
1,0,0,0,0,0.99485,0.10133,0.22362,0,-0.10133,0.99485,0.62059,0,0,0,1
1,0,0,0,0,0.99037,0.13846,0.21695,0,-0.13846,0.99037,0.62742,0,0,0,1
1,0,0,0,0,0.98671,0.16251,0.21048,0,-0.16251,0.98671,0.63318,0,0,0,1
1,0,0,0,0,0.98042,0.19693,0.2046,0,-0.19693,0.98042,0.63991,0,0,0,1
1,0,0,0,0,0.97478,0.22318,0.19695,0,-0.22318,0.97478,0.64645,0,0,0,1
1,0,0,0,0,0.96753,0.25276,0.19171,0,-0.25276,0.96753,0.65273,0,0,0,1
1,0,0,0,0,0.95877,0.28418,0.18491,0,-0.28418,0.95877,0.65963,0,0,0,1
1,0,0,0,0,0.95001,0.31222,0.17949,0,-0.31222,0.95001,0.666,0,0,0,1
1,0,0,0,0,0.9432,0.33223,0.17343,0,-0.33223,0.9432,0.67283,0,0,0,1
1,0,0,0,0,0.92805,0.37246,0.16836,0,-0.37246,0.92805,0.67929,0,0,0,1
1,0,0,0,0,0.91945,0.3932,0.16128,0,-0.3932,0.91945,0.68682,0,0,0,1
1,0,0,0,0,0.9073,0.42049,0.15632,0,-0.42049,0.9073,0.69322,0,0,0,1
1,0,0,0,0,0.89428,0.4475,0.1497,0,-0.4475,0.89428,0.70033,0,0,0,1
1,0,0,0,0,0.87949,0.47592,0.1449,0,-0.47592,0.87949,0.70723,0,0,0,1
1,0,0,0,0,0.86687,0.49853,0.13916,0,-0.49853,0.86687,0.714,0,0,0,1
1,0,0,0,0,0.85376,0.52067,0.13392,0,-0.52067,0.85376,0.72142,0,0,0,1
1,0,0,0,0,0.83981,0.54288,0.12894,0,-0.54288,0.83981,0.72808,0,0,0,1
1,0,0,0,0,0.8225,0.56876,0.12378,0,-0.56876,0.8225,0.73604,0,0,0,1
1,0,0,0,0,0.81874,0.57417,0.12193,0,-0.57417,0.81874,0.74272,0,0,0,1
1,0,0,0,0,0.8024,0.59679,0.12624,0,-0.59679,0.8024,0.74771,0,0,0,1
1,0,0,0,0,0.79333,0.60879,0.1297,0,-0.60879,0.79333,0.75352,0,0,0,1
1,0,0,0,0,0.78424,0.62046,0.13255,0,-0.62046,0.78424,0.75964,0,0,0,1
1,0,0,0,0,0.78225,0.62297,0.13377,0,-0.62297,0.78225,0.76696,0,0,0,1
1,0,0,0,0,0.77223,0.63534,0.13746,0,-0.63534,0.77223,0.77176,0,0,0,1
1,0,0,0,0,0.76521,0.64378,0.14075,0,-0.64378,0.76521,0.77778,0,0,0,1
1,0,0,0,0,0.75723,0.65314,0.14385,0,-0.65314,0.75723,0.78371,0,0,0,1
1,0,0,0,0,0.75521,0.65549,0.14745,0,-0.65549,0.75521,0.7883,0,0,0,1
1,0,0,0,0,0.74376,0.66845,0.14964,0,-0.66845,0.74376,0.79291,0,0,0,1
1,0,0,0,0,0.73544,0.67758,0.15341,0,-0.67758,0.73544,0.79827,0,0,0,1
1,0,0,0,0,0.72993,0.68352,0.1566,0,-0.68352,0.72993,0.80315,0,0,0,1
1,0,0,0,0,0.71776,0.69629,0.16117,0,-0.69629,0.71776,0.80779,0,0,0,1
1,0,0,0,0,0.70588,0.70834,0.16475,0,-0.70834,0.70588,0.81252,0,0,0,1
1,0,0,0,0,0.69574,0.7183,0.16829,0,-0.7183,0.69574,0.81699,0,0,0,1
1,0,0,0,0,0.68945,0.72434,0.17249,0,-0.72434,0.68945,0.82103,0,0,0,1
1,0,0,0,0,0.68281,0.73059,0.17626,0,-0.73059,0.68281,0.82462,0,0,0,1
1,0,0,0,0,0.67462,0.73817,0.17998,0,-0.73817,0.67462,0.82854,0,0,0,1
1,0,0,0,0,0.66917,0.74311,0.18276,0,-0.74311,0.66917,0.83295,0,0,0,1
1,0,0,0,0,0.65367,0.75678,0.1875,0,-0.75678,0.65367,0.83649,0,0,0,1
1,0,0,0,0,0.64484,0.76431,0.1922,0,-0.76431,0.64484,0.83949,0,0,0,1
1,0,0,0,0,0.63707,0.77081,0.19618,0,-0.77081,0.63707,0.84208,0,0,0,1
1,0,0,0,0,0.62863,0.7777,0.20122,0,-0.7777,0.62863,0.84536,0,0,0,1
1,0,0,0,0,0.61629,0.78752,0.2046,0,-0.78752,0.61629,0.84964,0,0,0,1
1,0,0,0,0,0.6127,0.79032,0.20889,0,-0.79032,0.6127,0.85186,0,0,0,1
1,0,0,0,0,0.6051,0.79615,0.21342,0,-0.79615,0.6051,0.85545,0,0,0,1
1,0,0,0,0,0.59394,0.80451,0.21836,0,-0.80451,0.59394,0.85698,0,0,0,1
1,0,0,0,0,0.59447,0.80412,0.22205,0,-0.80412,0.59447,0.86021,0,0,0,1
1,0,0,0,0,0.58464,0.81129,0.22647,0,-0.81129,0.58464,0.86383,0,0,0,1
1,0,0,0,0,0.57786,0.81613,0.22982,0,-0.81613,0.57786,0.866,0,0,0,1
1,0,0,0,0,0.5713,0.82074,0.2356,0,-0.82074,0.5713,0.86723,0,0,0,1
1,0,0,0,0,0.56525,0.82492,0.24089,0,-0.82492,0.56525,0.86914,0,0,0,1
1,0,0,0,0,0.55165,0.83408,0.24451,0,-0.83408,0.55165,0.87097,0,0,0,1
1,0,0,0,0,0.54682,0.83725,0.24825,0,-0.83725,0.54682,0.87294,0,0,0,1
1,0,0,0,0,0.54628,0.8376,0.25331,0,-0.8376,0.54628,0.87369,0,0,0,1
1,0,0,0,0,0.53166,0.84696,0.25759,0,-0.84696,0.53166,0.87542,0,0,0,1
1,0,0,0,0,0.52909,0.84856,0.26326,0,-0.84856,0.52909,0.87619,0,0,0,1
1,0,0,0,0,0.53022,0.84786,0.26791,0,-0.84786,0.53022,0.87685,0,0,0,1
1,0,0,0,0,0.51923,0.85464,0.27168,0,-0.85464,0.51923,0.87754,0,0,0,1
1,0,0,0,0,0.51487,0.85727,0.2768,0,-0.85727,0.51487,0.87798,0,0,0,1
1,0,0,0,0,-0.85258,-0.52259,0.40669,0,0.52259,-0.85258,0.31523,0,0,0,1
1,0,0,0,0,-0.85302,-0.52187,0.40711,0,0.52187,-0.85302,0.31529,0,0,0,1
1,0,0,0,0,-0.85302,-0.52187,0.40711,0,0.52187,-0.85302,0.31529,0,0,0,1
1,0,0,0,0,-0.85476,-0.51902,0.40682,0,0.51902,-0.85476,0.31544,0,0,0,1
1,0,0,0,0,-0.85493,-0.51874,0.40675,0,0.51874,-0.85493,0.31526,0,0,0,1
1,0,0,0,0,-0.85415,-0.52003,0.40686,0,0.52003,-0.85415,0.31516,0,0,0,1
1,0,0,0,0,-0.85184,-0.5238,0.40744,0,0.5238,-0.85184,0.31485,0,0,0,1
1,0,0,0,0,-0.8512,-0.52485,0.40798,0,0.52485,-0.8512,0.31552,0,0,0,1
1,0,0,0,0,-0.85211,-0.52337,0.409,0,0.52337,-0.85211,0.31519,0,0,0,1
1,0,0,0,0,-0.85046,-0.52603,0.40999,0,0.52603,-0.85046,0.31553,0,0,0,1
1,0,0,0,0,-0.85098,-0.52519,0.41187,0,0.52519,-0.85098,0.31501,0,0,0,1
1,0,0,0,0,-0.84954,-0.52753,0.4133,0,0.52753,-0.84954,0.31534,0,0,0,1
1,0,0,0,0,-0.8469,-0.53176,0.41509,0,0.53176,-0.8469,0.31561,0,0,0,1
1,0,0,0,0,-0.84281,-0.53821,0.4168,0,0.53821,-0.84281,0.3166,0,0,0,1
1,0,0,0,0,-0.83561,-0.54933,0.41912,0,0.54933,-0.83561,0.31617,0,0,0,1
1,0,0,0,0,-0.8318,-0.55508,0.42198,0,0.55508,-0.8318,0.31664,0,0,0,1
1,0,0,0,0,-0.82071,-0.57135,0.4247,0,0.57135,-0.82071,0.31854,0,0,0,1
1,0,0,0,0,-0.81555,-0.57869,0.42793,0,0.57869,-0.81555,0.31905,0,0,0,1
1,0,0,0,0,-0.80541,-0.59271,0.43185,0,0.59271,-0.80541,0.31979,0,0,0,1
1,0,0,0,0,-0.79249,-0.60988,0.43584,0,0.60988,-0.79249,0.32087,0,0,0,1
1,0,0,0,0,-0.78308,-0.62193,0.44046,0,0.62193,-0.78308,0.32129,0,0,0,1
1,0,0,0,0,-0.76362,-0.64566,0.44553,0,0.64566,-0.76362,0.32214,0,0,0,1
1,0,0,0,0,-0.74715,-0.66465,0.45071,0,0.66465,-0.74715,0.32345,0,0,0,1
1,0,0,0,0,-0.7321,-0.68119,0.45501,0,0.68119,-0.7321,0.32504,0,0,0,1
1,0,0,0,0,-0.71068,-0.70351,0.46143,0,0.70351,-0.71068,0.32638,0,0,0,1
1,0,0,0,0,-0.68784,-0.72587,0.46788,0,0.72587,-0.68784,0.32769,0,0,0,1
1,0,0,0,0,-0.66514,-0.74672,0.47352,0,0.74672,-0.66514,0.32857,0,0,0,1
1,0,0,0,0,-0.63236,-0.77467,0.4797,0,0.77467,-0.63236,0.33034,0,0,0,1
1,0,0,0,0,-0.59892,-0.80081,0.48508,0,0.80081,-0.59892,0.33249,0,0,0,1
1,0,0,0,0,-0.56368,-0.826,0.49076,0,0.826,-0.56368,0.33498,0,0,0,1
1,0,0,0,0,-0.53337,-0.84588,0.49678,0,0.84588,-0.53337,0.33782,0,0,0,1
1,0,0,0,0,-0.48578,-0.87408,0.50084,0,0.87408,-0.48578,0.34227,0,0,0,1
1,0,0,0,0,-0.44845,-0.89381,0.50541,0,0.89381,-0.44845,0.34668,0,0,0,1
1,0,0,0,0,-0.40661,-0.9136,0.50919,0,0.9136,-0.40661,0.35116,0,0,0,1
1,0,0,0,0,-0.36203,-0.93217,0.51323,0,0.93217,-0.36203,0.35743,0,0,0,1
1,0,0,0,0,-0.32657,-0.94517,0.51635,0,0.94517,-0.32657,0.36426,0,0,0,1
1,0,0,0,0,-0.27978,-0.96006,0.51863,0,0.96006,-0.27978,0.37284,0,0,0,1
1,0,0,0,0,-0.23262,-0.97257,0.51964,0,0.97257,-0.23262,0.38071,0,0,0,1
1,0,0,0,0,-0.20172,-0.97944,0.52052,0,0.97944,-0.20172,0.38983,0,0,0,1
1,0,0,0,0,-0.15208,-0.98837,0.52265,0,0.98837,-0.15208,0.39982,0,0,0,1
1,0,0,0,0,-0.11022,-0.99391,0.52324,0,0.99391,-0.11022,0.41042,0,0,0,1
1,0,0,0,0,-0.07479,-0.9972,0.52324,0,0.9972,-0.07479,0.4216,0,0,0,1
1,0,0,0,0,-0.034783,-0.99939,0.52327,0,0.99939,-0.034783,0.43288,0,0,0,1
1,0,0,0,0,0.012313,-0.99992,0.5222,0,0.99992,0.012313,0.44542,0,0,0,1
1,0,0,0,0,0.053436,-0.99857,0.5216,0,0.99857,0.053436,0.45759,0,0,0,1
1,0,0,0,0,0.088872,-0.99604,0.5199,0,0.99604,0.088872,0.4699,0,0,0,1
1,0,0,0,0,0.12522,-0.99213,0.51903,0,0.99213,0.12522,0.48344,0,0,0,1
1,0,0,0,0,0.17489,-0.98459,0.51725,0,0.98459,0.17489,0.49589,0,0,0,1
1,0,0,0,0,0.20831,-0.97806,0.51536,0,0.97806,0.20831,0.50854,0,0,0,1
1,0,0,0,0,0.24808,-0.96874,0.51241,0,0.96874,0.24808,0.52262,0,0,0,1
1,0,0,0,0,0.29437,-0.95569,0.50983,0,0.95569,0.29437,0.53668,0,0,0,1
1,0,0,0,0,0.318,-0.94809,0.50753,0,0.94809,0.318,0.55003,0,0,0,1
1,0,0,0,0,0.35577,-0.93457,0.50394,0,0.93457,0.35577,0.56368,0,0,0,1
1,0,0,0,0,0.39113,-0.92034,0.50029,0,0.92034,0.39113,0.57804,0,0,0,1
1,0,0,0,0,0.43441,-0.90071,0.49772,0,0.90071,0.43441,0.59087,0,0,0,1
1,0,0,0,0,0.46802,-0.88372,0.49309,0,0.88372,0.46802,0.60521,0,0,0,1
1,0,0,0,0,0.5028,-0.86441,0.48888,0,0.86441,0.5028,0.61956,0,0,0,1
1,0,0,0,0,0.52993,-0.84804,0.48446,0,0.84804,0.52993,0.63251,0,0,0,1
1,0,0,0,0,0.56057,-0.8281,0.47956,0,0.8281,0.56057,0.64639,0,0,0,1
1,0,0,0,0,0.59032,-0.80717,0.47491,0,0.80717,0.59032,0.65932,0,0,0,1
1,0,0,0,0,0.61842,-0.78585,0.46944,0,0.78585,0.61842,0.67269,0,0,0,1
1,0,0,0,0,0.64423,-0.76483,0.46396,0,0.76483,0.64423,0.68506,0,0,0,1
1,0,0,0,0,0.66996,-0.74239,0.45858,0,0.74239,0.66996,0.69802,0,0,0,1
1,0,0,0,0,0.70205,-0.71212,0.45239,0,0.71212,0.70205,0.711,0,0,0,1
1,0,0,0,0,0.71711,-0.69696,0.44673,0,0.69696,0.71711,0.72333,0,0,0,1
1,0,0,0,0,0.74409,-0.66807,0.44003,0,0.66807,0.74409,0.73596,0,0,0,1
1,0,0,0,0,0.7664,-0.64236,0.43418,0,0.64236,0.7664,0.74822,0,0,0,1
1,0,0,0,0,0.7918,-0.61078,0.42654,0,0.61078,0.7918,0.76157,0,0,0,1
1,0,0,0,0,0.81157,-0.58426,0.42007,0,0.58426,0.81157,0.77372,0,0,0,1
1,0,0,0,0,0.82962,-0.55832,0.41266,0,0.55832,0.82962,0.78585,0,0,0,1
1,0,0,0,0,0.84839,-0.52938,0.40532,0,0.52938,0.84839,0.79898,0,0,0,1
1,0,0,0,0,0.86752,-0.49741,0.3972,0,0.49741,0.86752,0.81138,0,0,0,1
1,0,0,0,0,0.88153,-0.47213,0.38975,0,0.47213,0.88153,0.82269,0,0,0,1
1,0,0,0,0,0.89936,-0.43721,0.38207,0,0.43721,0.89936,0.83471,0,0,0,1
1,0,0,0,0,0.91365,-0.4065,0.37454,0,0.4065,0.91365,0.84673,0,0,0,1
1,0,0,0,0,0.92633,-0.3767,0.36657,0,0.3767,0.92633,0.8579,0,0,0,1
1,0,0,0,0,0.93996,-0.3413,0.35863,0,0.3413,0.93996,0.86975,0,0,0,1
1,0,0,0,0,0.94986,-0.31267,0.3505,0,0.31267,0.94986,0.88057,0,0,0,1
1,0,0,0,0,0.95989,-0.28037,0.34265,0,0.28037,0.95989,0.89153,0,0,0,1
1,0,0,0,0,0.96845,-0.2492,0.33441,0,0.2492,0.96845,0.90333,0,0,0,1
1,0,0,0,0,0.97624,-0.21671,0.32609,0,0.21671,0.97624,0.91449,0,0,0,1
1,0,0,0,0,0.97978,-0.20009,0.318,0,0.20009,0.97978,0.92452,0,0,0,1
1,0,0,0,0,0.98475,-0.17398,0.31214,0,0.17398,0.98475,0.93562,0,0,0,1
1,0,0,0,0,0.98906,-0.14752,0.30381,0,0.14752,0.98906,0.94614,0,0,0,1
1,0,0,0,0,0.99222,-0.12453,0.29767,0,0.12453,0.99222,0.95685,0,0,0,1
1,0,0,0,0,0.99304,-0.1178,0.28885,0,0.1178,0.99304,0.96704,0,0,0,1
1,0,0,0,0,0.99594,-0.090064,0.28505,0,0.090064,0.99594,0.97693,0,0,0,1
1,0,0,0,0,0.99783,-0.065773,0.27826,0,0.065773,0.99783,0.98827,0,0,0,1
1,0,0,0,0,0.99835,-0.057391,0.27258,0,0.057391,0.99835,0.99754,0,0,0,1
1,0,0,0,0,0.99885,-0.047989,0.267,0,0.047989,0.99885,1.0075,0,0,0,1
1,0,0,0,0,0.99955,-0.030095,0.26314,0,0.030095,0.99955,1.0176,0,0,0,1
1,0,0,0,0,0.9997,-0.024574,0.25905,0,0.024574,0.9997,1.0273,0,0,0,1
1,0,0,0,0,0.99973,-0.023232,0.25514,0,0.023232,0.99973,1.037,0,0,0,1
1,0,0,0,0,1,0.00021004,0.25238,0,-0.00021004,1,1.0468,0,0,0,1
1,0,0,0,0,0.99995,0.010012,0.25139,0,-0.010012,0.99995,1.0566,0,0,0,1
1,0,0,0,0,0.99961,0.027922,0.24925,0,-0.027922,0.99961,1.0656,0,0,0,1
1,0,0,0,0,0.99984,0.017877,0.24771,0,-0.017877,0.99984,1.0758,0,0,0,1
1,0,0,0,0,0.99993,0.011709,0.24436,0,-0.011709,0.99993,1.0862,0,0,0,1
1,0,0,0,0,0.99996,0.009127,0.24196,0,-0.009127,0.99996,1.0954,0,0,0,1
1,0,0,0,0,0.99997,0.0072072,0.24584,0,-0.0072072,0.99997,1.1037,0,0,0,1
1,0,0,0,0,0.99982,0.019009,0.24408,0,-0.019009,0.99982,1.1111,0,0,0,1
1,0,0,0,0,0.99958,0.029038,0.2427,0,-0.029038,0.99958,1.1185,0,0,0,1
1,0,0,0,0,0.99888,0.047249,0.24025,0,-0.047249,0.99888,1.1264,0,0,0,1
1,0,0,0,0,0.99954,0.030397,0.24318,0,-0.030397,0.99954,1.1353,0,0,0,1
1,0,0,0,0,0.99961,0.027979,0.24299,0,-0.027979,0.99961,1.1432,0,0,0,1
1,0,0,0,0,0.9999,0.013993,0.24347,0,-0.013993,0.9999,1.1506,0,0,0,1
1,0,0,0,0,0.99999,0.0036055,0.24437,0,-0.0036055,0.99999,1.1565,0,0,0,1
1,0,0,0,0,0.99989,0.014708,0.24442,0,-0.014708,0.99989,1.1639,0,0,0,1
1,0,0,0,0,0.99981,0.019509,0.24371,0,-0.019509,0.99981,1.1703,0,0,0,1
1,0,0,0,0,0.99979,0.020462,0.24586,0,-0.020462,0.99979,1.177,0,0,0,1
1,0,0,0,0,0.99999,0.004566,0.24752,0,-0.004566,0.99999,1.1839,0,0,0,1
1,0,0,0,0,1,0.001869,0.24746,0,-0.001869,1,1.1901,0,0,0,1
1,0,0,0,0,0.99976,-0.021808,0.24645,0,0.021808,0.99976,1.1965,0,0,0,1
1,0,0,0,0,0.99934,-0.036222,0.24966,0,0.036222,0.99934,1.2022,0,0,0,1
1,0,0,0,0,0.99858,-0.053314,0.24993,0,0.053314,0.99858,1.2087,0,0,0,1
1,0,0,0,0,0.99817,-0.060403,0.25036,0,0.060403,0.99817,1.2136,0,0,0,1
1,0,0,0,0,0.99761,-0.069105,0.25132,0,0.069105,0.99761,1.219,0,0,0,1
1,0,0,0,0,0.99818,-0.060354,0.25307,0,0.060354,0.99818,1.2238,0,0,0,1
1,0,0,0,0,0.9988,-0.048925,0.25618,0,0.048925,0.9988,1.2278,0,0,0,1
1,0,0,0,0,0.99899,-0.044931,0.25695,0,0.044931,0.99899,1.2314,0,0,0,1
1,0,0,0,0,0.99873,-0.050462,0.25702,0,0.050462,0.99873,1.2359,0,0,0,1
1,0,0,0,0,0.99908,-0.042783,0.25724,0,0.042783,0.99908,1.2394,0,0,0,1
1,0,0,0,0,0.99897,-0.045332,0.25967,0,0.045332,0.99897,1.2436,0,0,0,1
1,0,0,0,0,0.99869,-0.05119,0.2599,0,0.05119,0.99869,1.2471,0,0,0,1
1,0,0,0,0,0.99796,-0.06391,0.25969,0,0.06391,0.99796,1.2513,0,0,0,1
1,0,0,0,0,0.99797,-0.063676,0.26015,0,0.063676,0.99797,1.2544,0,0,0,1
1,0,0,0,0,0.99763,-0.06884,0.26069,0,0.06884,0.99763,1.2576,0,0,0,1
1,0,0,0,0,0.99715,-0.075438,0.261,0,0.075438,0.99715,1.2602,0,0,0,1
1,0,0,0,0,0.99709,-0.07622,0.26078,0,0.07622,0.99709,1.2622,0,0,0,1
1,0,0,0,0,0.99522,-0.09769,0.26288,0,0.09769,0.99522,1.2661,0,0,0,1
1,0,0,0,0,0.99295,-0.11855,0.26614,0,0.11855,0.99295,1.2693,0,0,0,1
1,0,0,0,0,0.99164,-0.12905,0.26834,0,0.12905,0.99164,1.2725,0,0,0,1
1,0,0,0,0,0.99046,-0.13779,0.26997,0,0.13779,0.99046,1.2766,0,0,0,1
1,0,0,0,0,0.98962,-0.14372,0.27384,0,0.14372,0.98962,1.2793,0,0,0,1
1,0,0,0,0,0.98681,-0.16189,0.27567,0,0.16189,0.98681,1.2826,0,0,0,1
1,0,0,0,0,0.98415,-0.17734,0.27944,0,0.17734,0.98415,1.2848,0,0,0,1
1,0,0,0,0,0.98427,-0.17668,0.28398,0,0.17668,0.98427,1.2856,0,0,0,1
1,0,0,0,0,0.98028,-0.1976,0.28532,0,0.1976,0.98028,1.2886,0,0,0,1
1,0,0,0,0,0.9793,-0.20244,0.2873,0,0.20244,0.9793,1.2908,0,0,0,1
1,0,0,0,0,0.97923,-0.20277,0.29177,0,0.20277,0.97923,1.2939,0,0,0,1
1,0,0,0,0,0.97549,-0.22004,0.29615,0,0.22004,0.97549,1.2946,0,0,0,1
1,0,0,0,0,0.9732,-0.22997,0.29975,0,0.22997,0.9732,1.2962,0,0,0,1
1,0,0,0,0,0.971,-0.23907,0.30241,0,0.23907,0.971,1.298,0,0,0,1
1,0,0,0,0,0.96922,-0.24618,0.30618,0,0.24618,0.96922,1.2997,0,0,0,1
1,0,0,0,0,0.96616,-0.25796,0.30826,0,0.25796,0.96616,1.3,0,0,0,1
1,0,0,0,0,0.96143,-0.27505,0.31272,0,0.27505,0.96143,1.301,0,0,0,1
1,0,0,0,0,0.95867,-0.28453,0.31525,0,0.28453,0.95867,1.3018,0,0,0,1
1,0,0,0,0,0.95082,-0.30975,0.31878,0,0.30975,0.95082,1.3024,0,0,0,1
1,0,0,0,0,0.94879,-0.31592,0.32091,0,0.31592,0.94879,1.3033,0,0,0,1
1,0,0,0,0,0.95091,-0.30948,0.32388,0,0.30948,0.95091,1.3033,0,0,0,1
1,0,0,0,0,0.9436,-0.3311,0.32702,0,0.3311,0.9436,1.3031,0,0,0,1
1,0,0,0,0,0.94468,-0.32798,0.32957,0,0.32798,0.94468,1.3034,0,0,0,1
1,0,0,0,0,0.93867,-0.34482,0.33369,0,0.34482,0.93867,1.303,0,0,0,1
1,0,0,0,0,0.92968,-0.36837,0.33644,0,0.36837,0.92968,1.3026,0,0,0,1
1,0,0,0,0,0.92031,-0.3912,0.34003,0,0.3912,0.92031,1.3019,0,0,0,1
1,0,0,0,0,0.91243,-0.40923,0.34439,0,0.40923,0.91243,1.301,0,0,0,1
1,0,0,0,0,0.90827,-0.41839,0.34699,0,0.41839,0.90827,1.3017,0,0,0,1
1,0,0,0,0,0.90888,-0.41706,0.35014,0,0.41706,0.90888,1.3015,0,0,0,1
1,0,0,0,0,0.90661,-0.42197,0.35473,0,0.42197,0.90661,1.3011,0,0,0,1
1,0,0,0,0,0.90102,-0.43378,0.35614,0,0.43378,0.90102,1.2997,0,0,0,1
1,0,0,0,0,0.891,-0.454,0.35969,0,0.454,0.891,1.2985,0,0,0,1
1,0,0,0,0,0.8859,-0.46387,0.36262,0,0.46387,0.8859,1.2973,0,0,0,1
1,0,0,0,0,0.88279,-0.46976,0.36529,0,0.46976,0.88279,1.2962,0,0,0,1
1,0,0,0,0,0.87599,-0.48233,0.36878,0,0.48233,0.87599,1.2935,0,0,0,1
1,0,0,0,0,0.87218,-0.48918,0.37272,0,0.48918,0.87218,1.2926,0,0,0,1
1,0,0,0,0,0.86324,-0.5048,0.37604,0,0.5048,0.86324,1.2898,0,0,0,1
1,0,0,0,0,0.85849,-0.51284,0.37829,0,0.51284,0.85849,1.2878,0,0,0,1
1,0,0,0,0,0.86246,-0.50613,0.38175,0,0.50613,0.86246,1.2853,0,0,0,1
1,0,0,0,0,0.84073,-0.54146,0.38509,0,0.54146,0.84073,1.2838,0,0,0,1
1,0,0,0,0,0.99978,-0.020793,0,0,0.020793,0.99978,0.06793,0,0,0,1
1,0,0,0,0,0.99966,-0.026246,0.00023626,0,0.026246,0.99966,0.066754,0,0,0,1
1,0,0,0,0,0.99966,-0.026246,0.00023626,0,0.026246,0.99966,0.066754,0,0,0,1
1,0,0,0,0,0.9997,-0.024383,0.00051462,0,0.024383,0.9997,0.066741,0,0,0,1
1,0,0,0,0,0.99968,-0.025382,0.00036881,0,0.025382,0.99968,0.066887,0,0,0,1
1,0,0,0,0,0.9997,-0.024383,0.00051462,0,0.024383,0.9997,0.066741,0,0,0,1
1,0,0,0,0,0.99973,-0.023385,0.00066042,0,0.023385,0.99973,0.066595,0,0,0,1
1,0,0,0,0,0.99971,-0.024249,0.00052787,0,0.024249,0.99971,0.066463,0,0,0,1
1,0,0,0,0,0.99973,-0.023385,0.00066042,0,0.023385,0.99973,0.066595,0,0,0,1
1,0,0,0,0,0.99973,-0.023385,0.00066042,0,0.023385,0.99973,0.066595,0,0,0,1
1,0,0,0,0,0.99968,-0.025382,0.00036881,0,0.025382,0.99968,0.066887,0,0,0,1
1,0,0,0,0,0.99971,-0.024042,0.00099211,0,0.024042,0.99971,0.067922,0,0,0,1
1,0,0,0,0,0.9997,-0.024348,0.00072904,0,0.024348,0.9997,0.068199,0,0,0,1
1,0,0,0,0,0.99975,-0.02227,0.00091964,0,0.02227,0.99975,0.069964,0,0,0,1
1,0,0,0,0,0.9998,-0.019822,0.00092056,0,0.019822,0.9998,0.072159,0,0,0,1
1,0,0,0,0,0.99975,-0.022455,0.00066042,0,0.022455,0.99975,0.074323,0,0,0,1
1,0,0,0,0,0.99987,-0.01588,0.00080194,0,0.01588,0.99987,0.076845,0,0,0,1
1,0,0,0,0,0.99985,-0.017395,0.00072291,0,0.017395,0.99985,0.08028,0,0,0,1
1,0,0,0,0,0.99986,-0.016645,0.00081481,0,0.016645,0.99986,0.084281,0,0,0,1
1,0,0,0,0,0.99987,-0.015871,0.00093669,0,0.015871,0.99987,0.088804,0,0,0,1
1,0,0,0,0,0.99995,-0.0095114,0.00051851,0,0.0095114,0.99995,0.093411,0,0,0,1
1,0,0,0,0,0.99998,-0.0060802,0.00034638,0,0.0060802,0.99998,0.099448,0,0,0,1
1,0,0,0,0,0.99998,-0.0057103,0.00012791,0,0.0057103,0.99998,0.10548,0,0,0,1
1,0,0,0,0,0.99995,-0.010112,-0.00010396,0,0.010112,0.99995,0.11153,0,0,0,1
1,0,0,0,0,1,0.00058491,-0.00082682,0,-0.00058491,1,0.11987,0,0,0,1
1,0,0,0,0,1,0.0028397,-0.0012472,0,-0.0028397,1,0.12768,0,0,0,1
1,0,0,0,0,1,0.0017249,-0.001603,0,-0.0017249,1,0.13749,0,0,0,1
1,0,0,0,0,1,0.0016976,-0.0023193,0,-0.0016976,1,0.14831,0,0,0,1
1,0,0,0,0,1,0.0029365,-0.0029782,0,-0.0029365,1,0.16008,0,0,0,1
1,0,0,0,0,0.99997,0.0075518,-0.0041715,0,-0.0075518,0.99997,0.17213,0,0,0,1
1,0,0,0,0,0.99985,0.01752,-0.0046928,0,-0.01752,0.99985,0.1855,0,0,0,1
1,0,0,0,0,0.9999,0.014155,-0.006132,0,-0.014155,0.9999,0.20084,0,0,0,1
1,0,0,0,0,0.99982,0.01905,-0.007272,0,-0.01905,0.99982,0.21676,0,0,0,1
1,0,0,0,0,0.99974,0.022731,-0.0080249,0,-0.022731,0.99974,0.23273,0,0,0,1
1,0,0,0,0,0.99976,0.02207,-0.0094555,0,-0.02207,0.99976,0.25224,0,0,0,1
1,0,0,0,0,0.99979,0.020513,-0.01071,0,-0.020513,0.99979,0.27033,0,0,0,1
1,0,0,0,0,0.99966,0.026174,-0.011674,0,-0.026174,0.99966,0.28919,0,0,0,1
1,0,0,0,0,0.99978,0.021151,-0.012118,0,-0.021151,0.99978,0.30988,0,0,0,1
1,0,0,0,0,0.99975,0.022418,-0.013069,0,-0.022418,0.99975,0.32964,0,0,0,1
1,0,0,0,0,0.99972,0.023523,-0.013722,0,-0.023523,0.99972,0.3514,0,0,0,1
1,0,0,0,0,0.99977,0.021353,-0.015222,0,-0.021353,0.99977,0.37282,0,0,0,1
1,0,0,0,0,0.99981,0.019568,-0.015351,0,-0.019568,0.99981,0.39484,0,0,0,1
1,0,0,0,0,0.99995,0.00957,-0.016341,0,-0.00957,0.99995,0.41611,0,0,0,1
1,0,0,0,0,0.99996,0.0088535,-0.017218,0,-0.0088535,0.99996,0.4386,0,0,0,1
1,0,0,0,0,0.99999,0.0044893,-0.017607,0,-0.0044893,0.99999,0.46191,0,0,0,1
1,0,0,0,0,0.99999,0.0053145,-0.01785,0,-0.0053145,0.99999,0.48484,0,0,0,1
1,0,0,0,0,1,0.003024,-0.018521,0,-0.003024,1,0.50828,0,0,0,1
1,0,0,0,0,0.99999,-0.0036278,-0.019235,0,0.0036278,0.99999,0.53084,0,0,0,1
1,0,0,0,0,0.99998,-0.006248,-0.019424,0,0.006248,0.99998,0.55376,0,0,0,1
1,0,0,0,0,0.99996,-0.0089469,-0.019979,0,0.0089469,0.99996,0.57689,0,0,0,1
1,0,0,0,0,0.99997,-0.0083492,-0.020076,0,0.0083492,0.99997,0.59983,0,0,0,1
1,0,0,0,0,0.99983,-0.018217,-0.020588,0,0.018217,0.99983,0.62247,0,0,0,1
1,0,0,0,0,0.99979,-0.020433,-0.020821,0,0.020433,0.99979,0.64545,0,0,0,1
1,0,0,0,0,0.99983,-0.018388,-0.020842,0,0.018388,0.99983,0.66841,0,0,0,1
1,0,0,0,0,0.99977,-0.021397,-0.02111,0,0.021397,0.99977,0.69096,0,0,0,1
1,0,0,0,0,0.99964,-0.026962,-0.021237,0,0.026962,0.99964,0.71411,0,0,0,1
1,0,0,0,0,0.99961,-0.027913,-0.021815,0,0.027913,0.99961,0.73571,0,0,0,1
1,0,0,0,0,0.99945,-0.033078,-0.022311,0,0.033078,0.99945,0.75816,0,0,0,1
1,0,0,0,0,0.99943,-0.033854,-0.022191,0,0.033854,0.99943,0.77938,0,0,0,1
1,0,0,0,0,0.99918,-0.040547,-0.022279,0,0.040547,0.99918,0.80131,0,0,0,1
1,0,0,0,0,0.99891,-0.046664,-0.022487,0,0.046664,0.99891,0.82312,0,0,0,1
1,0,0,0,0,0.99893,-0.046284,-0.022336,0,0.046284,0.99893,0.84314,0,0,0,1
1,0,0,0,0,0.99886,-0.047802,-0.022902,0,0.047802,0.99886,0.86304,0,0,0,1
1,0,0,0,0,0.99871,-0.050844,-0.022563,0,0.050844,0.99871,0.88314,0,0,0,1
1,0,0,0,0,0.99848,-0.055204,-0.022666,0,0.055204,0.99848,0.90287,0,0,0,1
1,0,0,0,0,0.99834,-0.05758,-0.02257,0,0.05758,0.99834,0.92342,0,0,0,1
1,0,0,0,0,0.99805,-0.062434,-0.022612,0,0.062434,0.99805,0.94169,0,0,0,1
1,0,0,0,0,0.99798,-0.063594,-0.022412,0,0.063594,0.99798,0.96011,0,0,0,1
1,0,0,0,0,0.99764,-0.068667,-0.021817,0,0.068667,0.99764,0.97867,0,0,0,1
1,0,0,0,0,0.99741,-0.071955,-0.022271,0,0.071955,0.99741,0.99675,0,0,0,1
1,0,0,0,0,0.99756,-0.069797,-0.021922,0,0.069797,0.99756,1.0144,0,0,0,1
1,0,0,0,0,0.99741,-0.071987,-0.021568,0,0.071987,0.99741,1.0309,0,0,0,1
1,0,0,0,0,0.9969,-0.078625,-0.021513,0,0.078625,0.9969,1.0493,0,0,0,1
1,0,0,0,0,0.99715,-0.075468,-0.021414,0,0.075468,0.99715,1.0651,0,0,0,1
1,0,0,0,0,0.99694,-0.078229,-0.02177,0,0.078229,0.99694,1.0803,0,0,0,1
1,0,0,0,0,0.9968,-0.079894,-0.021536,0,0.079894,0.9968,1.0955,0,0,0,1
1,0,0,0,0,0.99687,-0.07903,-0.021675,0,0.07903,0.99687,1.1105,0,0,0,1
1,0,0,0,0,0.99711,-0.075979,-0.021854,0,0.075979,0.99711,1.1246,0,0,0,1
1,0,0,0,0,0.99695,-0.078087,-0.022062,0,0.078087,0.99695,1.1381,0,0,0,1
1,0,0,0,0,0.99647,-0.083964,-0.021998,0,0.083964,0.99647,1.1522,0,0,0,1
1,0,0,0,0,0.99632,-0.085726,-0.022581,0,0.085726,0.99632,1.1645,0,0,0,1
1,0,0,0,0,0.99638,-0.085033,-0.022625,0,0.085033,0.99638,1.1771,0,0,0,1
1,0,0,0,0,0.99628,-0.086198,-0.022901,0,0.086198,0.99628,1.1904,0,0,0,1
1,0,0,0,0,0.9961,-0.08819,-0.023235,0,0.08819,0.9961,1.202,0,0,0,1
1,0,0,0,0,0.99592,-0.090192,-0.023737,0,0.090192,0.99592,1.214,0,0,0,1
1,0,0,0,0,0.99619,-0.087164,-0.024824,0,0.087164,0.99619,1.2256,0,0,0,1
1,0,0,0,0,0.99569,-0.092765,-0.025426,0,0.092765,0.99569,1.2369,0,0,0,1
1,0,0,0,0,0.99575,-0.092108,-0.025784,0,0.092108,0.99575,1.2478,0,0,0,1
1,0,0,0,0,0.99572,-0.09242,-0.02684,0,0.09242,0.99572,1.2587,0,0,0,1
1,0,0,0,0,0.99567,-0.092986,-0.027307,0,0.092986,0.99567,1.27,0,0,0,1
1,0,0,0,0,0.99563,-0.09336,-0.027323,0,0.09336,0.99563,1.28,0,0,0,1
1,0,0,0,0,0.99584,-0.091086,-0.027709,0,0.091086,0.99584,1.2893,0,0,0,1
1,0,0,0,0,0.99591,-0.0903,-0.02807,0,0.0903,0.99591,1.2996,0,0,0,1
1,0,0,0,0,0.99587,-0.090844,-0.028985,0,0.090844,0.99587,1.3098,0,0,0,1
1,0,0,0,0,0.99526,-0.097227,-0.029652,0,0.097227,0.99526,1.3198,0,0,0,1
1,0,0,0,0,0.99553,-0.094409,-0.030629,0,0.094409,0.99553,1.329,0,0,0,1
1,0,0,0,0,0.99577,-0.091923,-0.030668,0,0.091923,0.99577,1.3387,0,0,0,1
1,0,0,0,0,0.99669,-0.081326,-0.029544,0,0.081326,0.99669,1.346,0,0,0,1
1,0,0,0,0,0.99766,-0.068323,-0.027794,0,0.068323,0.99766,1.3526,0,0,0,1
1,0,0,0,0,0.9936,-0.11293,-0.032337,0,0.11293,0.9936,1.3681,0,0,0,1
1,0,0,0,0,0.99428,-0.10683,-0.032706,0,0.10683,0.99428,1.3754,0,0,0,1
1,0,0,0,0,0.9945,-0.10472,-0.032952,0,0.10472,0.9945,1.3833,0,0,0,1
1,0,0,0,0,0.99488,-0.10106,-0.033875,0,0.10106,0.99488,1.3917,0,0,0,1
1,0,0,0,0,0.99441,-0.10559,-0.034449,0,0.10559,0.99441,1.3993,0,0,0,1
1,0,0,0,0,0.994,-0.10935,-0.035236,0,0.10935,0.994,1.4071,0,0,0,1
1,0,0,0,0,0.99492,-0.1007,-0.035777,0,0.1007,0.99492,1.4143,0,0,0,1
1,0,0,0,0,0.9946,-0.10379,-0.037023,0,0.10379,0.9946,1.4218,0,0,0,1
1,0,0,0,0,0.99444,-0.10527,-0.037033,0,0.10527,0.99444,1.4291,0,0,0,1
1,0,0,0,0,0.99472,-0.10261,-0.037183,0,0.10261,0.99472,1.4353,0,0,0,1
1,0,0,0,0,0.99466,-0.1032,-0.037669,0,0.1032,0.99466,1.4418,0,0,0,1
1,0,0,0,0,0.99473,-0.10248,-0.03789,0,0.10248,0.99473,1.4484,0,0,0,1
1,0,0,0,0,0.99446,-0.10507,-0.038075,0,0.10507,0.99446,1.454,0,0,0,1
1,0,0,0,0,0.99441,-0.10563,-0.038749,0,0.10563,0.99441,1.46,0,0,0,1
1,0,0,0,0,0.99434,-0.10621,-0.039411,0,0.10621,0.99434,1.4657,0,0,0,1
1,0,0,0,0,0.99446,-0.10509,-0.03955,0,0.10509,0.99446,1.4709,0,0,0,1
1,0,0,0,0,0.99458,-0.10397,-0.039856,0,0.10397,0.99458,1.4764,0,0,0,1
1,0,0,0,0,0.99459,-0.10385,-0.040848,0,0.10385,0.99459,1.4809,0,0,0,1
1,0,0,0,0,0.99408,-0.10862,-0.041505,0,0.10862,0.99408,1.4858,0,0,0,1
1,0,0,0,0,0.99423,-0.10729,-0.041962,0,0.10729,0.99423,1.4904,0,0,0,1
1,0,0,0,0,0.99434,-0.10621,-0.042939,0,0.10621,0.99434,1.4943,0,0,0,1
1,0,0,0,0,0.99404,-0.109,-0.042852,0,0.109,0.99404,1.4992,0,0,0,1
1,0,0,0,0,0.99409,-0.10855,-0.043512,0,0.10855,0.99409,1.5034,0,0,0,1
1,0,0,0,0,0.99395,-0.10982,-0.044125,0,0.10982,0.99395,1.5068,0,0,0,1
1,0,0,0,0,0.99382,-0.11098,-0.044233,0,0.11098,0.99382,1.5099,0,0,0,1
1,0,0,0,0,0.99367,-0.11234,-0.043742,0,0.11234,0.99367,1.5131,0,0,0,1
1,0,0,0,0,0.99387,-0.11055,-0.043941,0,0.11055,0.99387,1.5165,0,0,0,1
1,0,0,0,0,0.994,-0.10936,-0.04366,0,0.10936,0.994,1.5189,0,0,0,1
1,0,0,0,0,0.99422,-0.10735,-0.044252,0,0.10735,0.99422,1.5217,0,0,0,1
1,0,0,0,0,0.99409,-0.10857,-0.044831,0,0.10857,0.99409,1.5242,0,0,0,1
1,0,0,0,0,0.99401,-0.10927,-0.044989,0,0.10927,0.99401,1.526,0,0,0,1
1,0,0,0,0,0.99343,-0.11444,-0.045543,0,0.11444,0.99343,1.5288,0,0,0,1
1,0,0,0,0,0.99365,-0.11249,-0.045319,0,0.11249,0.99365,1.5312,0,0,0,1
1,0,0,0,0,0.99224,-0.12432,-0.045123,0,0.12432,0.99224,1.5341,0,0,0,1
1,0,0,0,0,0.99301,-0.11801,-0.045448,0,0.11801,0.99301,1.5359,0,0,0,1
1,0,0,0,0,0.99295,-0.11856,-0.045434,0,0.11856,0.99295,1.5374,0,0,0,1
1,0,0,0,0,0.99191,-0.12694,-0.045261,0,0.12694,0.99191,1.5394,0,0,0,1
1,0,0,0,0,0.99201,-0.12615,-0.045278,0,0.12615,0.99201,1.5398,0,0,0,1
1,0,0,0,0,0.99174,-0.12829,-0.045316,0,0.12829,0.99174,1.5419,0,0,0,1
1,0,0,0,0,0.99224,-0.12433,-0.045588,0,0.12433,0.99224,1.5434,0,0,0,1
1,0,0,0,0,0.99126,-0.13195,-0.045793,0,0.13195,0.99126,1.5443,0,0,0,1
1,0,0,0,0,0.9911,-0.13315,-0.046111,0,0.13315,0.9911,1.5446,0,0,0,1
1,0,0,0,0,0.99137,-0.13111,-0.046848,0,0.13111,0.99137,1.5456,0,0,0,1
1,0,0,0,0,0.99129,-0.13166,-0.046777,0,0.13166,0.99129,1.5455,0,0,0,1
1,0,0,0,0,0.99041,-0.13818,-0.046809,0,0.13818,0.99041,1.5458,0,0,0,1
1,0,0,0,0,0.99058,-0.13696,-0.047124,0,0.13696,0.99058,1.5459,0,0,0,1
1,0,0,0,0,0.99024,-0.13936,-0.046562,0,0.13936,0.99024,1.5457,0,0,0,1
1,0,0,0,0,0.98983,-0.14227,-0.047164,0,0.14227,0.98983,1.545,0,0,0,1
1,0,0,0,0,0.98891,-0.1485,-0.047851,0,0.1485,0.98891,1.5445,0,0,0,1
1,0,0,0,0,0.98834,-0.15227,-0.048169,0,0.15227,0.98834,1.543,0,0,0,1
1,0,0,0,0,0.98829,-0.15256,-0.047912,0,0.15256,0.98829,1.5422,0,0,0,1
1,0,0,0,0,0.98816,-0.15342,-0.047448,0,0.15342,0.98816,1.5414,0,0,0,1
1,0,0,0,0,0.98799,-0.15455,-0.046567,0,0.15455,0.98799,1.5401,0,0,0,1
1,0,0,0,0,0.9882,-0.15314,-0.047572,0,0.15314,0.9882,1.5376,0,0,0,1
1,0,0,0,0,0.98795,-0.1548,-0.047528,0,0.1548,0.98795,1.5367,0,0,0,1
1,0,0,0,0,0.98795,-0.15478,-0.047593,0,0.15478,0.98795,1.5349,0,0,0,1
1,0,0,0,0,0.98646,-0.16402,-0.047791,0,0.16402,0.98646,1.5325,0,0,0,1
1,0,0,0,0,0.98675,-0.16223,-0.047217,0,0.16223,0.98675,1.5304,0,0,0,1
1,0,0,0,0,0.98584,-0.16767,-0.047945,0,0.16767,0.98584,1.528,0,0,0,1
1,0,0,0,0,0.98596,-0.167,-0.046903,0,0.167,0.98596,1.5253,0,0,0,1
1,0,0,0,0,0.98552,-0.16956,-0.047389,0,0.16956,0.98552,1.523,0,0,0,1
1,0,0,0,0,0.9861,-0.16616,-0.04697,0,0.16616,0.9861,1.5208,0,0,0,1
1,0,0,0,0,0.98619,-0.16565,-0.04709,0,0.16565,0.98619,1.5174,0,0,0,1
1,0,0,0,0,0.9861,-0.16614,-0.047574,0,0.16614,0.9861,1.515,0,0,0,1
1,0,0,0,0,0.98579,-0.16798,-0.047688,0,0.16798,0.98579,1.5115,0,0,0,1
1,0,0,0,0,0.98518,-0.17151,-0.047376,0,0.17151,0.98518,1.5085,0,0,0,1
1,0,0,0,0,0.98464,-0.17461,-0.047669,0,0.17461,0.98464,1.5046,0,0,0,1
1,0,0,0,0,0.98491,-0.17307,-0.047133,0,0.17307,0.98491,1.5007,0,0,0,1
1,0,0,0,0,0.98495,-0.17286,-0.046358,0,0.17286,0.98495,1.4973,0,0,0,1
1,0,0,0,0,0.98511,-0.17193,-0.046285,0,0.17193,0.98511,1.4936,0,0,0,1
1,0,0,0,0,-0.83079,0.55658,-0.41764,0,-0.55658,-0.83079,0.29235,0,0,0,1
1,0,0,0,0,-0.83158,0.5554,-0.41735,0,-0.5554,-0.83158,0.29245,0,0,0,1
1,0,0,0,0,-0.83158,0.5554,-0.41735,0,-0.5554,-0.83158,0.29245,0,0,0,1
1,0,0,0,0,-0.83131,0.55581,-0.4175,0,-0.55581,-0.83131,0.29219,0,0,0,1
1,0,0,0,0,-0.83078,0.5566,-0.41753,0,-0.5566,-0.83078,0.29246,0,0,0,1
1,0,0,0,0,-0.83162,0.55534,-0.41771,0,-0.55534,-0.83162,0.29254,0,0,0,1
1,0,0,0,0,-0.82933,0.55876,-0.41879,0,-0.55876,-0.82933,0.2927,0,0,0,1
1,0,0,0,0,-0.82841,0.56013,-0.41964,0,-0.56013,-0.82841,0.29295,0,0,0,1
1,0,0,0,0,-0.82901,0.55923,-0.42058,0,-0.55923,-0.82901,0.29305,0,0,0,1
1,0,0,0,0,-0.82606,0.56358,-0.42172,0,-0.56358,-0.82606,0.29242,0,0,0,1
1,0,0,0,0,-0.8168,0.57693,-0.42419,0,-0.57693,-0.8168,0.29248,0,0,0,1
1,0,0,0,0,-0.81917,0.57354,-0.42529,0,-0.57354,-0.81917,0.29286,0,0,0,1
1,0,0,0,0,-0.81526,0.5791,-0.42746,0,-0.5791,-0.81526,0.29346,0,0,0,1
1,0,0,0,0,-0.80648,0.59126,-0.42997,0,-0.59126,-0.80648,0.29377,0,0,0,1
1,0,0,0,0,-0.80147,0.59804,-0.43342,0,-0.59804,-0.80147,0.29412,0,0,0,1
1,0,0,0,0,-0.7931,0.60909,-0.43706,0,-0.60909,-0.7931,0.29512,0,0,0,1
1,0,0,0,0,-0.78003,0.62574,-0.44089,0,-0.62574,-0.78003,0.29544,0,0,0,1
1,0,0,0,0,-0.77223,0.63534,-0.44485,0,-0.63534,-0.77223,0.29642,0,0,0,1
1,0,0,0,0,-0.76106,0.64868,-0.44899,0,-0.64868,-0.76106,0.29708,0,0,0,1
1,0,0,0,0,-0.74028,0.67229,-0.4538,0,-0.67229,-0.74028,0.29837,0,0,0,1
1,0,0,0,0,-0.72598,0.68772,-0.4598,0,-0.68772,-0.72598,0.29939,0,0,0,1
1,0,0,0,0,-0.70583,0.70838,-0.46549,0,-0.70838,-0.70583,0.29999,0,0,0,1
1,0,0,0,0,-0.68622,0.72739,-0.47179,0,-0.72739,-0.68622,0.3012,0,0,0,1
1,0,0,0,0,-0.65673,0.75413,-0.47869,0,-0.75413,-0.65673,0.30178,0,0,0,1
1,0,0,0,0,-0.6357,0.77193,-0.48505,0,-0.77193,-0.6357,0.30306,0,0,0,1
1,0,0,0,0,-0.60261,0.79804,-0.49227,0,-0.79804,-0.60261,0.30387,0,0,0,1
1,0,0,0,0,-0.56686,0.82381,-0.49925,0,-0.82381,-0.56686,0.30548,0,0,0,1
1,0,0,0,0,-0.53676,0.84373,-0.50664,0,-0.84373,-0.53676,0.30743,0,0,0,1
1,0,0,0,0,-0.4959,0.86838,-0.5131,0,-0.86838,-0.4959,0.30867,0,0,0,1
1,0,0,0,0,-0.45639,0.88978,-0.51995,0,-0.88978,-0.45639,0.31032,0,0,0,1
1,0,0,0,0,-0.41329,0.9106,-0.52619,0,-0.9106,-0.41329,0.31451,0,0,0,1
1,0,0,0,0,-0.37708,0.92618,-0.53242,0,-0.92618,-0.37708,0.31838,0,0,0,1
1,0,0,0,0,-0.33151,0.94345,-0.53759,0,-0.94345,-0.33151,0.3229,0,0,0,1
1,0,0,0,0,-0.28181,0.95947,-0.54292,0,-0.95947,-0.28181,0.32791,0,0,0,1
1,0,0,0,0,-0.23661,0.9716,-0.54676,0,-0.9716,-0.23661,0.33394,0,0,0,1
1,0,0,0,0,-0.20695,0.97835,-0.55017,0,-0.97835,-0.20695,0.34139,0,0,0,1
1,0,0,0,0,-0.15731,0.98755,-0.55334,0,-0.98755,-0.15731,0.34921,0,0,0,1
1,0,0,0,0,-0.11043,0.99388,-0.55567,0,-0.99388,-0.11043,0.35724,0,0,0,1
1,0,0,0,0,-0.072552,0.99736,-0.558,0,-0.99736,-0.072552,0.36646,0,0,0,1
1,0,0,0,0,-0.036002,0.99935,-0.55908,0,-0.99935,-0.036002,0.37599,0,0,0,1
1,0,0,0,0,0.0044139,0.99999,-0.56028,0,-0.99999,0.0044139,0.38703,0,0,0,1
1,0,0,0,0,0.035103,0.99938,-0.56044,0,-0.99938,0.035103,0.39746,0,0,0,1
1,0,0,0,0,0.083437,0.99651,-0.56055,0,-0.99651,0.083437,0.40968,0,0,0,1
1,0,0,0,0,0.1166,0.99318,-0.56089,0,-0.99318,0.1166,0.42077,0,0,0,1
1,0,0,0,0,0.15866,0.98733,-0.56072,0,-0.98733,0.15866,0.43299,0,0,0,1
1,0,0,0,0,0.18779,0.98221,-0.55971,0,-0.98221,0.18779,0.4453,0,0,0,1
1,0,0,0,0,0.2221,0.97502,-0.55836,0,-0.97502,0.2221,0.45759,0,0,0,1
1,0,0,0,0,0.25166,0.96782,-0.55661,0,-0.96782,0.25166,0.46943,0,0,0,1
1,0,0,0,0,0.293,0.95611,-0.55565,0,-0.95611,0.293,0.48217,0,0,0,1
1,0,0,0,0,0.32512,0.94567,-0.5528,0,-0.94567,0.32512,0.49492,0,0,0,1
1,0,0,0,0,0.35544,0.9347,-0.55032,0,-0.9347,0.35544,0.50803,0,0,0,1
1,0,0,0,0,0.39467,0.91882,-0.54807,0,-0.91882,0.39467,0.5214,0,0,0,1
1,0,0,0,0,0.42617,0.90465,-0.54542,0,-0.90465,0.42617,0.53456,0,0,0,1
1,0,0,0,0,0.44833,0.89387,-0.54189,0,-0.89387,0.44833,0.54705,0,0,0,1
1,0,0,0,0,0.48382,0.87517,-0.53927,0,-0.87517,0.48382,0.5597,0,0,0,1
1,0,0,0,0,0.50998,0.86019,-0.53558,0,-0.86019,0.50998,0.57326,0,0,0,1
1,0,0,0,0,0.53736,0.84335,-0.53168,0,-0.84335,0.53736,0.58655,0,0,0,1
1,0,0,0,0,0.56832,0.8228,-0.52786,0,-0.8228,0.56832,0.60099,0,0,0,1
1,0,0,0,0,0.59132,0.80644,-0.52377,0,-0.80644,0.59132,0.61357,0,0,0,1
1,0,0,0,0,0.61313,0.78998,-0.51942,0,-0.78998,0.61313,0.62508,0,0,0,1
1,0,0,0,0,0.63968,0.76864,-0.51434,0,-0.76864,0.63968,0.63854,0,0,0,1
1,0,0,0,0,0.66232,0.74922,-0.50903,0,-0.74922,0.66232,0.65152,0,0,0,1
1,0,0,0,0,0.68643,0.7272,-0.5036,0,-0.7272,0.68643,0.66356,0,0,0,1
1,0,0,0,0,0.70954,0.70467,-0.49853,0,-0.70467,0.70954,0.67624,0,0,0,1
1,0,0,0,0,0.72748,0.68613,-0.49328,0,-0.68613,0.72748,0.68786,0,0,0,1
1,0,0,0,0,0.75025,0.66115,-0.48735,0,-0.66115,0.75025,0.69902,0,0,0,1
1,0,0,0,0,0.77319,0.63418,-0.48143,0,-0.63418,0.77319,0.71282,0,0,0,1
1,0,0,0,0,0.79025,0.61278,-0.47566,0,-0.61278,0.79025,0.7239,0,0,0,1
1,0,0,0,0,0.81314,0.58207,-0.46938,0,-0.58207,0.81314,0.73627,0,0,0,1
1,0,0,0,0,0.82721,0.5619,-0.46253,0,-0.5619,0.82721,0.74684,0,0,0,1
1,0,0,0,0,0.83784,0.54592,-0.45602,0,-0.54592,0.83784,0.7578,0,0,0,1
1,0,0,0,0,0.85961,0.51095,-0.44908,0,-0.51095,0.85961,0.77028,0,0,0,1
1,0,0,0,0,0.8752,0.48375,-0.44166,0,-0.48375,0.8752,0.78202,0,0,0,1
1,0,0,0,0,0.89044,0.45509,-0.43487,0,-0.45509,0.89044,0.79314,0,0,0,1
1,0,0,0,0,0.89945,0.43702,-0.42749,0,-0.43702,0.89945,0.80348,0,0,0,1
1,0,0,0,0,0.9127,0.40863,-0.4207,0,-0.40863,0.9127,0.81429,0,0,0,1
1,0,0,0,0,0.92468,0.38075,-0.41304,0,-0.38075,0.92468,0.82453,0,0,0,1
1,0,0,0,0,0.93393,0.35744,-0.40451,0,-0.35744,0.93393,0.83615,0,0,0,1
1,0,0,0,0,0.94449,0.32854,-0.39663,0,-0.32854,0.94449,0.84638,0,0,0,1
1,0,0,0,0,0.95583,0.29392,-0.38946,0,-0.29392,0.95583,0.85685,0,0,0,1
1,0,0,0,0,0.96329,0.26848,-0.38086,0,-0.26848,0.96329,0.8663,0,0,0,1
1,0,0,0,0,0.97036,0.24166,-0.37369,0,-0.24166,0.97036,0.87653,0,0,0,1
1,0,0,0,0,0.9761,0.2173,-0.36642,0,-0.2173,0.9761,0.88689,0,0,0,1
1,0,0,0,0,0.98316,0.18275,-0.35798,0,-0.18275,0.98316,0.89689,0,0,0,1
1,0,0,0,0,0.98828,0.15262,-0.35122,0,-0.15262,0.98828,0.90629,0,0,0,1
1,0,0,0,0,0.99143,0.1306,-0.34408,0,-0.1306,0.99143,0.91599,0,0,0,1
1,0,0,0,0,0.99496,0.1003,-0.33712,0,-0.1003,0.99496,0.9256,0,0,0,1
1,0,0,0,0,0.99649,0.083659,-0.33158,0,-0.083659,0.99649,0.93506,0,0,0,1
1,0,0,0,0,0.99815,0.060745,-0.32526,0,-0.060745,0.99815,0.94527,0,0,0,1
1,0,0,0,0,0.99922,0.03959,-0.31939,0,-0.03959,0.99922,0.95467,0,0,0,1
1,0,0,0,0,0.99995,0.00963,-0.31355,0,-0.00963,0.99995,0.96417,0,0,0,1
1,0,0,0,0,0.99999,-0.0037394,-0.30984,0,0.0037394,0.99999,0.97397,0,0,0,1
1,0,0,0,0,0.9999,-0.013823,-0.30531,0,0.013823,0.9999,0.98303,0,0,0,1
1,0,0,0,0,0.99919,-0.040313,-0.30202,0,0.040313,0.99919,0.99255,0,0,0,1
1,0,0,0,0,0.99913,-0.041747,-0.29826,0,0.041747,0.99913,1.0016,0,0,0,1
1,0,0,0,0,0.99805,-0.062347,-0.29554,0,0.062347,0.99805,1.0108,0,0,0,1
1,0,0,0,0,0.9978,-0.066275,-0.29344,0,0.066275,0.9978,1.0192,0,0,0,1
1,0,0,0,0,0.99704,-0.076912,-0.2918,0,0.076912,0.99704,1.0286,0,0,0,1
1,0,0,0,0,0.99647,-0.08395,-0.29031,0,0.08395,0.99647,1.0372,0,0,0,1
1,0,0,0,0,0.99537,-0.096067,-0.28924,0,0.096067,0.99537,1.0464,0,0,0,1
1,0,0,0,0,0.99576,-0.091946,-0.2883,0,0.091946,0.99576,1.0541,0,0,0,1
1,0,0,0,0,0.99487,-0.10114,-0.28866,0,0.10114,0.99487,1.0626,0,0,0,1
1,0,0,0,0,0.99423,-0.10729,-0.28847,0,0.10729,0.99423,1.0711,0,0,0,1
1,0,0,0,0,0.99492,-0.10071,-0.28848,0,0.10071,0.99492,1.0787,0,0,0,1
1,0,0,0,0,0.99478,-0.10201,-0.28899,0,0.10201,0.99478,1.0862,0,0,0,1
1,0,0,0,0,0.99476,-0.10226,-0.28902,0,0.10226,0.99476,1.0936,0,0,0,1
1,0,0,0,0,0.995,-0.099859,-0.2899,0,0.099859,0.995,1.1009,0,0,0,1
1,0,0,0,0,0.99478,-0.10203,-0.29001,0,0.10203,0.99478,1.1083,0,0,0,1
1,0,0,0,0,0.99437,-0.10592,-0.29028,0,0.10592,0.99437,1.1151,0,0,0,1
1,0,0,0,0,0.99525,-0.097354,-0.29128,0,0.097354,0.99525,1.121,0,0,0,1
1,0,0,0,0,0.99458,-0.10399,-0.29209,0,0.10399,0.99458,1.1272,0,0,0,1
1,0,0,0,0,0.99521,-0.097768,-0.29325,0,0.097768,0.99521,1.1333,0,0,0,1
1,0,0,0,0,0.99716,-0.075368,-0.29555,0,0.075368,0.99716,1.1387,0,0,0,1
1,0,0,0,0,0.99749,-0.070837,-0.29842,0,0.070837,0.99749,1.1435,0,0,0,1
1,0,0,0,0,0.99788,-0.065154,-0.29914,0,0.065154,0.99788,1.1491,0,0,0,1
1,0,0,0,0,0.99771,-0.067603,-0.30029,0,0.067603,0.99771,1.1539,0,0,0,1
1,0,0,0,0,0.9978,-0.06633,-0.302,0,0.06633,0.9978,1.1589,0,0,0,1
1,0,0,0,0,0.99845,-0.055599,-0.30374,0,0.055599,0.99845,1.1638,0,0,0,1
1,0,0,0,0,0.9985,-0.054823,-0.30494,0,0.054823,0.9985,1.1678,0,0,0,1
1,0,0,0,0,0.99845,-0.055615,-0.30653,0,0.055615,0.99845,1.1709,0,0,0,1
1,0,0,0,0,0.99876,-0.049763,-0.3076,0,0.049763,0.99876,1.1752,0,0,0,1
1,0,0,0,0,0.99869,-0.051157,-0.30826,0,0.051157,0.99869,1.1793,0,0,0,1
1,0,0,0,0,0.99885,-0.047897,-0.30871,0,0.047897,0.99885,1.1823,0,0,0,1
1,0,0,0,0,0.99921,-0.03972,-0.3102,0,0.03972,0.99921,1.1854,0,0,0,1
1,0,0,0,0,0.99894,-0.046042,-0.31251,0,0.046042,0.99894,1.1881,0,0,0,1
1,0,0,0,0,0.99898,-0.045128,-0.3142,0,0.045128,0.99898,1.192,0,0,0,1
1,0,0,0,0,0.99854,-0.054088,-0.31497,0,0.054088,0.99854,1.1939,0,0,0,1
1,0,0,0,0,0.99915,-0.041193,-0.31541,0,0.041193,0.99915,1.1967,0,0,0,1
1,0,0,0,0,0.9991,-0.0424,-0.31524,0,0.0424,0.9991,1.1987,0,0,0,1
1,0,0,0,0,0.99938,-0.035263,-0.31538,0,0.035263,0.99938,1.1998,0,0,0,1
1,0,0,0,0,0.99959,-0.028583,-0.31738,0,0.028583,0.99959,1.2024,0,0,0,1
1,0,0,0,0,0.99966,-0.026071,-0.31856,0,0.026071,0.99966,1.2039,0,0,0,1
1,0,0,0,0,0.99976,-0.021903,-0.32037,0,0.021903,0.99976,1.2047,0,0,0,1
1,0,0,0,0,0.99998,-0.0062393,-0.32194,0,0.0062393,0.99998,1.2058,0,0,0,1
1,0,0,0,0,0.9999,-0.013876,-0.32303,0,0.013876,0.9999,1.2081,0,0,0,1
1,0,0,0,0,0.99998,-0.0058501,-0.32481,0,0.0058501,0.99998,1.2095,0,0,0,1
1,0,0,0,0,0.99999,0.005074,-0.32706,0,-0.005074,0.99999,1.2097,0,0,0,1
1,0,0,0,0,0.99997,0.0078224,-0.32892,0,-0.0078224,0.99997,1.2105,0,0,0,1
1,0,0,0,0,0.99978,0.020954,-0.33115,0,-0.020954,0.99978,1.2103,0,0,0,1
1,0,0,0,0,0.99946,0.032725,-0.33359,0,-0.032725,0.99946,1.2108,0,0,0,1
1,0,0,0,0,0.99869,0.051241,-0.33713,0,-0.051241,0.99869,1.2114,0,0,0,1
1,0,0,0,0,0.99841,0.056441,-0.33933,0,-0.056441,0.99841,1.2122,0,0,0,1
1,0,0,0,0,0.99871,0.050788,-0.34111,0,-0.050788,0.99871,1.2113,0,0,0,1
1,0,0,0,0,0.99888,0.047406,-0.34284,0,-0.047406,0.99888,1.2111,0,0,0,1
1,0,0,0,0,0.9987,0.050911,-0.34562,0,-0.050911,0.9987,1.2118,0,0,0,1
1,0,0,0,0,0.99878,0.049475,-0.3469,0,-0.049475,0.99878,1.2094,0,0,0,1
1,0,0,0,0,0.99821,0.059805,-0.35021,0,-0.059805,0.99821,1.2082,0,0,0,1
1,0,0,0,0,0.99728,0.073705,-0.35202,0,-0.073705,0.99728,1.2062,0,0,0,1
1,0,0,0,0,0.9971,0.076106,-0.35392,0,-0.076106,0.9971,1.206,0,0,0,1
1,0,0,0,0,0.99558,0.093881,-0.35508,0,-0.093881,0.99558,1.2049,0,0,0,1
1,0,0,0,0,0.99463,0.10351,-0.35768,0,-0.10351,0.99463,1.202,0,0,0,1
1,0,0,0,0,0.99359,0.11303,-0.35944,0,-0.11303,0.99359,1.2,0,0,0,1
1,0,0,0,0,0.9935,0.11385,-0.36216,0,-0.11385,0.9935,1.1989,0,0,0,1
1,0,0,0,0,0.99316,0.11676,-0.36436,0,-0.11676,0.99316,1.1961,0,0,0,1
1,0,0,0,0,0.9913,0.13166,-0.36694,0,-0.13166,0.9913,1.1941,0,0,0,1
1,0,0,0,0,0.99062,0.13662,-0.36864,0,-0.13662,0.99062,1.192,0,0,0,1
1,0,0,0,0,0.98988,0.14192,-0.37158,0,-0.14192,0.98988,1.1886,0,0,0,1
1,0,0,0,0,0.98734,0.15859,-0.37321,0,-0.15859,0.98734,1.1866,0,0,0,1
1,0,0,0,0,0.98628,0.16507,-0.37602,0,-0.16507,0.98628,1.1841,0,0,0,1
1,0,0,0,0,0.98495,0.17283,-0.377,0,-0.17283,0.98495,1.1813,0,0,0,1
1,0,0,0,0,0.98378,0.17936,-0.37818,0,-0.17936,0.98378,1.1783,0,0,0,1
1,0,0,0,0,0.9832,0.18253,-0.3813,0,-0.18253,0.9832,1.1758,0,0,0,1
1,0,0,0,0,0.98172,0.19032,-0.38465,0,-0.19032,0.98172,1.1718,0,0,0,1
1,0,0,0,0,0.98028,0.1976,-0.3861,0,-0.1976,0.98028,1.1688,0,0,0,1
1,0,0,0,0,0.97922,0.20282,-0.38849,0,-0.20282,0.97922,1.1656,0,0,0,1
1,0,0,0,0,0.97783,0.20941,-0.3904,0,-0.20941,0.97783,1.1623,0,0,0,1
1,0,0,0,0,0.97717,0.21244,-0.39302,0,-0.21244,0.97717,1.159,0,0,0,1
1,0,0,0,0,0.97476,0.22327,-0.39479,0,-0.22327,0.97476,1.1551,0,0,0,1
1,0,0,0,0,0.97243,0.23319,-0.39665,0,-0.23319,0.97243,1.1516,0,0,0,1
1,0,0,0,0,0.95955,-0.28153,-0.49506,0,0.28153,0.95955,0.27076,0,0,0,1
1,0,0,0,0,0.9605,-0.27827,-0.49486,0,0.27827,0.9605,0.27048,0,0,0,1
1,0,0,0,0,0.9605,-0.27827,-0.49486,0,0.27827,0.9605,0.27048,0,0,0,1
1,0,0,0,0,0.95978,-0.28075,-0.4949,0,0.28075,0.95978,0.27047,0,0,0,1
1,0,0,0,0,0.96015,-0.27949,-0.495,0,0.27949,0.96015,0.27035,0,0,0,1
1,0,0,0,0,0.9602,-0.2793,-0.49473,0,0.2793,0.9602,0.27037,0,0,0,1
1,0,0,0,0,0.96137,-0.27527,-0.4952,0,0.27527,0.96137,0.27059,0,0,0,1
1,0,0,0,0,0.9616,-0.27446,-0.49612,0,0.27446,0.9616,0.27055,0,0,0,1
1,0,0,0,0,0.96055,-0.27811,-0.4971,0,0.27811,0.96055,0.2704,0,0,0,1
1,0,0,0,0,0.9608,-0.27724,-0.49873,0,0.27724,0.9608,0.27019,0,0,0,1
1,0,0,0,0,0.96005,-0.27982,-0.50047,0,0.27982,0.96005,0.27025,0,0,0,1
1,0,0,0,0,0.95783,-0.28733,-0.50185,0,0.28733,0.95783,0.26988,0,0,0,1
1,0,0,0,0,0.95594,-0.29358,-0.50464,0,0.29358,0.95594,0.26972,0,0,0,1
1,0,0,0,0,0.95358,-0.30113,-0.50697,0,0.30113,0.95358,0.26856,0,0,0,1
1,0,0,0,0,0.95005,-0.3121,-0.50987,0,0.3121,0.95005,0.26812,0,0,0,1
1,0,0,0,0,0.94736,-0.32017,-0.51314,0,0.32017,0.94736,0.26733,0,0,0,1
1,0,0,0,0,0.94208,-0.33539,-0.51706,0,0.33539,0.94208,0.26648,0,0,0,1
1,0,0,0,0,0.93813,-0.34629,-0.52092,0,0.34629,0.93813,0.26586,0,0,0,1
1,0,0,0,0,0.93327,-0.35918,-0.52585,0,0.35918,0.93327,0.26517,0,0,0,1
1,0,0,0,0,0.92577,-0.37808,-0.53032,0,0.37808,0.92577,0.26302,0,0,0,1
1,0,0,0,0,0.91769,-0.39729,-0.53652,0,0.39729,0.91769,0.26129,0,0,0,1
1,0,0,0,0,0.90909,-0.4166,-0.54126,0,0.4166,0.90909,0.25947,0,0,0,1
1,0,0,0,0,0.89768,-0.44064,-0.54765,0,0.44064,0.89768,0.25686,0,0,0,1
1,0,0,0,0,0.88393,-0.46761,-0.5534,0,0.46761,0.88393,0.25428,0,0,0,1
1,0,0,0,0,0.87216,-0.48922,-0.56021,0,0.48922,0.87216,0.25143,0,0,0,1
1,0,0,0,0,0.86002,-0.51027,-0.56694,0,0.51027,0.86002,0.24885,0,0,0,1
1,0,0,0,0,0.84228,-0.53903,-0.57362,0,0.53903,0.84228,0.24477,0,0,0,1
1,0,0,0,0,0.82526,-0.56475,-0.57969,0,0.56475,0.82526,0.2408,0,0,0,1
1,0,0,0,0,0.81152,-0.58432,-0.58648,0,0.58432,0.81152,0.23629,0,0,0,1
1,0,0,0,0,0.78908,-0.61429,-0.5927,0,0.61429,0.78908,0.23249,0,0,0,1
1,0,0,0,0,0.77341,-0.63391,-0.59891,0,0.63391,0.77341,0.22831,0,0,0,1
1,0,0,0,0,0.75771,-0.6526,-0.6038,0,0.6526,0.75771,0.22411,0,0,0,1
1,0,0,0,0,0.74195,-0.67045,-0.60889,0,0.67045,0.74195,0.22031,0,0,0,1
1,0,0,0,0,0.72498,-0.68877,-0.6119,0,0.68877,0.72498,0.21738,0,0,0,1
1,0,0,0,0,0.71608,-0.69802,-0.61465,0,0.69802,0.71608,0.21444,0,0,0,1
1,0,0,0,0,0.70922,-0.70499,-0.61703,0,0.70499,0.70922,0.21249,0,0,0,1
1,0,0,0,0,0.70266,-0.71152,-0.61881,0,0.71152,0.70266,0.21134,0,0,0,1
1,0,0,0,0,0.69549,-0.71853,-0.62066,0,0.71853,0.69549,0.21001,0,0,0,1
1,0,0,0,0,0.68645,-0.72718,-0.6215,0,0.72718,0.68645,0.20907,0,0,0,1
1,0,0,0,0,0.68746,-0.72622,-0.62228,0,0.72622,0.68746,0.20874,0,0,0,1
1,0,0,0,0,0.68975,-0.72405,-0.62207,0,0.72405,0.68975,0.20863,0,0,0,1
1,0,0,0,0,0.69346,-0.7205,-0.62122,0,0.7205,0.69346,0.20978,0,0,0,1
1,0,0,0,0,0.69674,-0.71733,-0.62063,0,0.71733,0.69674,0.21056,0,0,0,1
1,0,0,0,0,0.69751,-0.71657,-0.61918,0,0.71657,0.69751,0.21201,0,0,0,1
1,0,0,0,0,0.70267,-0.71151,-0.61827,0,0.71151,0.70267,0.21305,0,0,0,1
1,0,0,0,0,0.71151,-0.70268,-0.61646,0,0.70268,0.71151,0.21416,0,0,0,1
1,0,0,0,0,0.71674,-0.69734,-0.61485,0,0.69734,0.71674,0.21564,0,0,0,1
1,0,0,0,0,0.72305,-0.69079,-0.61317,0,0.69079,0.72305,0.21647,0,0,0,1
1,0,0,0,0,0.73283,-0.68041,-0.61107,0,0.68041,0.73283,0.21926,0,0,0,1
1,0,0,0,0,0.73056,-0.68284,-0.60898,0,0.68284,0.73056,0.22049,0,0,0,1
1,0,0,0,0,0.74415,-0.66801,-0.60657,0,0.66801,0.74415,0.22228,0,0,0,1
1,0,0,0,0,0.75356,-0.65738,-0.60404,0,0.65738,0.75356,0.22444,0,0,0,1
1,0,0,0,0,0.76493,-0.64412,-0.601,0,0.64412,0.76493,0.2264,0,0,0,1
1,0,0,0,0,0.77236,-0.63519,-0.59753,0,0.63519,0.77236,0.22859,0,0,0,1
1,0,0,0,0,0.78092,-0.62463,-0.59546,0,0.62463,0.78092,0.2311,0,0,0,1
1,0,0,0,0,0.79264,-0.60969,-0.59218,0,0.60969,0.79264,0.23319,0,0,0,1
1,0,0,0,0,0.80454,-0.5939,-0.58879,0,0.5939,0.80454,0.23678,0,0,0,1
1,0,0,0,0,0.81131,-0.58461,-0.58473,0,0.58461,0.81131,0.23942,0,0,0,1
1,0,0,0,0,0.82387,-0.56678,-0.58093,0,0.56678,0.82387,0.2409,0,0,0,1
1,0,0,0,0,0.84063,-0.54161,-0.57699,0,0.54161,0.84063,0.24371,0,0,0,1
1,0,0,0,0,0.84293,-0.53802,-0.57272,0,0.53802,0.84293,0.24598,0,0,0,1
1,0,0,0,0,0.86082,-0.50891,-0.56828,0,0.50891,0.86082,0.24906,0,0,0,1
1,0,0,0,0,0.87513,-0.48389,-0.56426,0,0.48389,0.87513,0.25152,0,0,0,1
1,0,0,0,0,0.88226,-0.47077,-0.55979,0,0.47077,0.88226,0.25399,0,0,0,1
1,0,0,0,0,0.89477,-0.44652,-0.55579,0,0.44652,0.89477,0.25728,0,0,0,1
1,0,0,0,0,0.90881,-0.41722,-0.55148,0,0.41722,0.90881,0.26032,0,0,0,1
1,0,0,0,0,0.91766,-0.39736,-0.54695,0,0.39736,0.91766,0.26249,0,0,0,1
1,0,0,0,0,0.93142,-0.36394,-0.54291,0,0.36394,0.93142,0.26643,0,0,0,1
1,0,0,0,0,0.94398,-0.33001,-0.53752,0,0.33001,0.94398,0.26941,0,0,0,1
1,0,0,0,0,0.95065,-0.31028,-0.53293,0,0.31028,0.95065,0.27347,0,0,0,1
1,0,0,0,0,0.962,-0.27304,-0.52882,0,0.27304,0.962,0.27717,0,0,0,1
1,0,0,0,0,0.97175,-0.236,-0.52388,0,0.236,0.97175,0.28077,0,0,0,1
1,0,0,0,0,0.97996,-0.19921,-0.51883,0,0.19921,0.97996,0.28497,0,0,0,1
1,0,0,0,0,0.98592,-0.16722,-0.51404,0,0.16722,0.98592,0.29057,0,0,0,1
1,0,0,0,0,0.99186,-0.12736,-0.50954,0,0.12736,0.99186,0.29494,0,0,0,1
1,0,0,0,0,0.99579,-0.091686,-0.50391,0,0.091686,0.99579,0.30079,0,0,0,1
1,0,0,0,0,0.99881,-0.048703,-0.49891,0,0.048703,0.99881,0.30658,0,0,0,1
1,0,0,0,0,0.99992,-0.01227,-0.49344,0,0.01227,0.99992,0.31273,0,0,0,1
1,0,0,0,0,0.99958,0.029121,-0.48892,0,-0.029121,0.99958,0.31852,0,0,0,1
1,0,0,0,0,0.9983,0.05821,-0.48312,0,-0.05821,0.9983,0.32604,0,0,0,1
1,0,0,0,0,0.99514,0.098427,-0.47689,0,-0.098427,0.99514,0.33297,0,0,0,1
1,0,0,0,0,0.99149,0.13018,-0.47099,0,-0.13018,0.99149,0.34089,0,0,0,1
1,0,0,0,0,0.98602,0.16664,-0.46482,0,-0.16664,0.98602,0.3495,0,0,0,1
1,0,0,0,0,0.97975,0.20024,-0.45875,0,-0.20024,0.97975,0.35826,0,0,0,1
1,0,0,0,0,0.97386,0.22713,-0.45261,0,-0.22713,0.97386,0.36667,0,0,0,1
1,0,0,0,0,0.96677,0.25563,-0.44648,0,-0.25563,0.96677,0.37667,0,0,0,1
1,0,0,0,0,0.95844,0.2853,-0.44054,0,-0.2853,0.95844,0.38608,0,0,0,1
1,0,0,0,0,0.95041,0.31099,-0.43358,0,-0.31099,0.95041,0.39621,0,0,0,1
1,0,0,0,0,0.94469,0.32798,-0.42715,0,-0.32798,0.94469,0.40596,0,0,0,1
1,0,0,0,0,0.94007,0.34098,-0.41997,0,-0.34098,0.94007,0.41595,0,0,0,1
1,0,0,0,0,0.93444,0.35613,-0.413,0,-0.35613,0.93444,0.42584,0,0,0,1
1,0,0,0,0,0.9321,0.36221,-0.40657,0,-0.36221,0.9321,0.43549,0,0,0,1
1,0,0,0,0,0.93052,0.36624,-0.40002,0,-0.36624,0.93052,0.4447,0,0,0,1
1,0,0,0,0,0.92685,0.37544,-0.39227,0,-0.37544,0.92685,0.45337,0,0,0,1
1,0,0,0,0,0.92601,0.37749,-0.38611,0,-0.37749,0.92601,0.4616,0,0,0,1
1,0,0,0,0,0.9276,0.37357,-0.37982,0,-0.37357,0.9276,0.46938,0,0,0,1
1,0,0,0,0,0.92987,0.36789,-0.37227,0,-0.36789,0.92987,0.47687,0,0,0,1
1,0,0,0,0,0.93515,0.35426,-0.36561,0,-0.35426,0.93515,0.48379,0,0,0,1
1,0,0,0,0,0.94059,0.33953,-0.35909,0,-0.33953,0.94059,0.49069,0,0,0,1
1,0,0,0,0,0.94649,0.32275,-0.35168,0,-0.32275,0.94649,0.49739,0,0,0,1
1,0,0,0,0,0.95255,0.30439,-0.34486,0,-0.30439,0.95255,0.50352,0,0,0,1
1,0,0,0,0,0.95931,0.28235,-0.33815,0,-0.28235,0.95931,0.50944,0,0,0,1
1,0,0,0,0,0.96608,0.25823,-0.33108,0,-0.25823,0.96608,0.51525,0,0,0,1
1,0,0,0,0,0.97224,0.23397,-0.32426,0,-0.23397,0.97224,0.5206,0,0,0,1
1,0,0,0,0,0.97904,0.20367,-0.31735,0,-0.20367,0.97904,0.52563,0,0,0,1
1,0,0,0,0,0.98247,0.18641,-0.31009,0,-0.18641,0.98247,0.53021,0,0,0,1
1,0,0,0,0,0.98899,0.14797,-0.30251,0,-0.14797,0.98899,0.53564,0,0,0,1
1,0,0,0,0,0.99259,0.12151,-0.295,0,-0.12151,0.99259,0.54084,0,0,0,1
1,0,0,0,0,0.99597,0.089675,-0.2876,0,-0.089675,0.99597,0.54563,0,0,0,1
1,0,0,0,0,0.99846,0.055512,-0.28114,0,-0.055512,0.99846,0.55024,0,0,0,1
1,0,0,0,0,0.99984,0.018058,-0.27445,0,-0.018058,0.99984,0.55576,0,0,0,1
1,0,0,0,0,0.99994,-0.010766,-0.26702,0,0.010766,0.99994,0.56107,0,0,0,1
1,0,0,0,0,0.99923,-0.039232,-0.25926,0,0.039232,0.99923,0.56594,0,0,0,1
1,0,0,0,0,0.99756,-0.069845,-0.25166,0,0.069845,0.99756,0.57078,0,0,0,1
1,0,0,0,0,0.99459,-0.10385,-0.24455,0,0.10385,0.99459,0.57591,0,0,0,1
1,0,0,0,0,0.99028,-0.13909,-0.23742,0,0.13909,0.99028,0.58168,0,0,0,1
1,0,0,0,0,0.98591,-0.16727,-0.22926,0,0.16727,0.98591,0.58695,0,0,0,1
1,0,0,0,0,0.98041,-0.19695,-0.22347,0,0.19695,0.98041,0.59269,0,0,0,1
1,0,0,0,0,0.97162,-0.23656,-0.2162,0,0.23656,0.97162,0.5982,0,0,0,1
1,0,0,0,0,0.96538,-0.26084,-0.20975,0,0.26084,0.96538,0.60313,0,0,0,1
1,0,0,0,0,0.95391,-0.30008,-0.20233,0,0.30008,0.95391,0.6092,0,0,0,1
1,0,0,0,0,0.94614,-0.32375,-0.19556,0,0.32375,0.94614,0.61548,0,0,0,1
1,0,0,0,0,0.93384,-0.3577,-0.18878,0,0.3577,0.93384,0.62113,0,0,0,1
1,0,0,0,0,0.92339,-0.38387,-0.18167,0,0.38387,0.92339,0.62769,0,0,0,1
1,0,0,0,0,0.91149,-0.41132,-0.17561,0,0.41132,0.91149,0.63365,0,0,0,1
1,0,0,0,0,0.89878,-0.43841,-0.16924,0,0.43841,0.89878,0.63978,0,0,0,1
1,0,0,0,0,0.88429,-0.46695,-0.16306,0,0.46695,0.88429,0.64525,0,0,0,1
1,0,0,0,0,0.86737,-0.49766,-0.15628,0,0.49766,0.86737,0.65212,0,0,0,1
1,0,0,0,0,0.8536,-0.52092,-0.1509,0,0.52092,0.8536,0.65849,0,0,0,1
1,0,0,0,0,0.85022,-0.52642,-0.15044,0,0.52642,0.85022,0.66152,0,0,0,1
1,0,0,0,0,0.84864,-0.52896,-0.15223,0,0.52896,0.84864,0.66382,0,0,0,1
1,0,0,0,0,0.85279,-0.52226,-0.157,0,0.52226,0.85279,0.6645,0,0,0,1
1,0,0,0,0,0.85241,-0.52288,-0.15979,0,0.52288,0.85241,0.66519,0,0,0,1
1,0,0,0,0,0.84907,-0.52828,-0.1631,0,0.52828,0.84907,0.6653,0,0,0,1
1,0,0,0,0,0.85288,-0.5221,-0.16727,0,0.5221,0.85288,0.66599,0,0,0,1
1,0,0,0,0,0.85377,-0.52065,-0.17082,0,0.52065,0.85377,0.6665,0,0,0,1
1,0,0,0,0,0.85908,-0.51184,-0.17388,0,0.51184,0.85908,0.66735,0,0,0,1
1,0,0,0,0,0.85462,-0.51926,-0.17902,0,0.51926,0.85462,0.6665,0,0,0,1
1,0,0,0,0,0.85476,-0.51903,-0.18281,0,0.51903,0.85476,0.66634,0,0,0,1
1,0,0,0,0,0.85698,-0.51536,-0.18667,0,0.51536,0.85698,0.66631,0,0,0,1
1,0,0,0,0,0.85623,-0.5166,-0.19059,0,0.5166,0.85623,0.66669,0,0,0,1
1,0,0,0,0,0.85553,-0.51775,-0.19401,0,0.51775,0.85553,0.66623,0,0,0,1
1,0,0,0,0,0.85558,-0.51768,-0.19828,0,0.51768,0.85558,0.66573,0,0,0,1
1,0,0,0,0,0.85605,-0.51689,-0.20312,0,0.51689,0.85605,0.66392,0,0,0,1
1,0,0,0,0,0.85745,-0.51457,-0.20716,0,0.51457,0.85745,0.66311,0,0,0,1
1,0,0,0,0,0.85845,-0.5129,-0.21021,0,0.5129,0.85845,0.66241,0,0,0,1
1,0,0,0,0,0.85717,-0.51503,-0.21504,0,0.51503,0.85717,0.66069,0,0,0,1
1,0,0,0,0,0.85659,-0.51601,-0.21976,0,0.51601,0.85659,0.65953,0,0,0,1
1,0,0,0,0,0.85727,-0.51486,-0.22461,0,0.51486,0.85727,0.65761,0,0,0,1
1,0,0,0,0,0.86152,-0.50773,-0.22807,0,0.50773,0.86152,0.65601,0,0,0,1
1,0,0,0,0,0.85956,-0.51104,-0.23281,0,0.51104,0.85956,0.65399,0,0,0,1
1,0,0,0,0,0.86058,-0.50931,-0.23724,0,0.50931,0.86058,0.65238,0,0,0,1
1,0,0,0,0,0.85928,-0.51151,-0.24173,0,0.51151,0.85928,0.6506,0,0,0,1
1,0,0,0,0,0.85697,-0.51537,-0.24531,0,0.51537,0.85697,0.6482,0,0,0,1
1,0,0,0,0,0.85895,-0.51206,-0.25163,0,0.51206,0.85895,0.64471,0,0,0,1
1,0,0,0,0,0.8582,-0.51331,-0.25553,0,0.51331,0.8582,0.64264,0,0,0,1
1,0,0,0,0,0.86311,-0.50501,-0.26013,0,0.50501,0.86311,0.64039,0,0,0,1
1,0,0,0,0,0.86237,-0.50627,-0.26504,0,0.50627,0.86237,0.63815,0,0,0,1
1,0,0,0,0,0.86205,-0.50682,-0.2692,0,0.50682,0.86205,0.63486,0,0,0,1
1,0,0,0,0,0.85985,-0.51054,-0.27445,0,0.51054,0.85985,0.63202,0,0,0,1
1,0,0,0,0,0.86197,-0.50696,-0.27912,0,0.50696,0.86197,0.62892,0,0,0,1
1,0,0,0,0,0.86767,-0.49714,-0.28353,0,0.49714,0.86767,0.62602,0,0,0,1
1,0,0,0,0,0.86746,-0.49751,-0.28891,0,0.49751,0.86746,0.62281,0,0,0,1
1,0,0,0,0,0.8667,-0.49883,-0.29327,0,0.49883,0.8667,0.61965,0,0,0,1
1,0,0,0,0,0.86929,-0.49431,-0.29858,0,0.49431,0.86929,0.61553,0,0,0,1
1,0,0,0,0,0.86869,-0.49536,-0.30249,0,0.49536,0.86869,0.61199,0,0,0,1
1,0,0,0,0,0.87076,-0.4917,-0.3075,0,0.4917,0.87076,0.60846,0,0,0,1
1,0,0,0,0,0.87193,-0.48963,-0.31205,0,0.48963,0.87193,0.60357,0,0,0,1
1,0,0,0,0,0.8746,-0.48485,-0.31725,0,0.48485,0.8746,0.59991,0,0,0,1
