0.001, 80.134, 2.987, 2.933, 3.255, 2.969
0.003, 80.134, 2.861, 2.915, 3.219, 3.022
0.005, 79.932, 3.452, 2.987, 3.184, 2.987
0.007, 80.053, 2.879, 2.951, 3.076, 2.861
0.009, 80.053, 3.076, 2.915, 3.703, 3.094
0.011, 80.093, 2.987, 2.843, 3.201, 4.383
0.013, 79.650, 3.022, 2.987, 3.166, 2.825
0.015, 80.013, 2.987, 2.933, 3.219, 2.987
0.017, 80.416, 3.004, 2.987, 3.219, 3.022
0.019, 79.932, 3.004, 2.807, 3.166, 2.915
0.021, 71.793, 4.222, 3.004, 4.401, 3.828
0.023, 71.874, 5.350, 4.151, 5.243, 5.028
0.025, 76.024, 5.798, 5.207, 6.210, 5.225
0.027, 76.628, 6.998, 5.601, 6.765, 6.049
0.029, 74.654, 8.126, 6.317, 7.840, 8.592
0.031, 72.035, 9.720, 7.338, 8.986, 8.663
0.033, 71.551, 10.204, 8.413, 10.329, 9.863
0.035, 72.962, 11.923, 9.666, 11.779, 10.669
0.037, 73.526, 13.570, 10.383, 12.227, 12.281
0.039, 71.229, 15.110, 11.815, 13.767, 13.731
0.041, 69.093, 16.382, 13.033, 15.182, 15.343
0.043, 67.321, 17.976, 14.519, 16.471, 15.970
0.045, 69.295, 19.426, 15.021, 17.420, 17.456
0.047, 69.698, 21.020, 15.880, 18.567, 19.050
0.049, 67.522, 21.772, 17.850, 19.820, 20.357
0.051, 66.273, 23.527, 19.122, 21.289, 21.074
0.053, 65.709, 24.834, 19.766, 22.112, 22.578
0.055, 66.192, 25.801, 21.074, 23.115, 23.903
0.057, 66.273, 26.822, 22.417, 24.190, 25.193
0.059, 65.185, 27.932, 23.527, 25.604, 26.016
0.061, 63.775, 29.186, 24.279, 26.016, 27.198
0.063, 64.178, 30.332, 25.264, 27.073, 28.201
0.065, 64.701, 31.120, 26.446, 28.076, 29.383
0.067, 64.379, 32.230, 27.449, 29.150, 30.637
0.069, 62.808, 33.466, 28.147, 29.777, 30.995
0.071, 62.405, 34.379, 28.989, 30.708, 32.212
0.073, 62.163, 35.185, 30.046, 31.675, 33.179
0.075, 62.244, 35.919, 31.031, 32.481, 34.093
0.077, 61.760, 36.922, 31.174, 33.269, 34.594
0.079, 61.236, 37.818, 32.392, 33.788, 35.311
0.081, 60.430, 38.588, 33.305, 34.540, 36.421
0.083, 60.471, 38.964, 34.075, 35.400, 37.191
0.085, 60.068, 39.519, 34.361, 36.081, 37.567
0.087, 59.383, 40.611, 35.472, 36.313, 38.391
0.089, 58.859, 40.737, 36.045, 36.761, 38.821
0.091, 58.980, 41.704, 36.940, 37.442, 39.770
0.093, 58.738, 42.295, 37.245, 38.158, 40.468
0.095, 58.496, 42.832, 37.656, 38.803, 40.916
0.097, 58.013, 42.904, 38.194, 46.252, 41.381
0.099, 57.690, 43.996, 39.125, 39.519, 42.205
0.101, 57.650, 44.390, 39.734, 40.343, 42.563
0.103, 57.288, 44.569, 40.271, 40.146, 43.065
0.105, 56.925, 45.232, 40.629, 41.363, 43.477
0.107, 56.603, 45.518, 41.184, 41.614, 43.978
0.109, 56.603, 46.181, 41.811, 42.384, 44.462
0.111, 56.482, 46.396, 42.098, 42.635, 44.659
0.113, 56.361, 46.628, 42.295, 43.638, 44.999
0.115, 55.877, 46.736, 42.778, 43.315, 45.393
0.117, 55.515, 46.987, 43.172, 43.656, 45.661
0.119, 55.394, 47.416, 43.423, 44.050, 45.840
0.121, 55.273, 47.381, 43.620, 44.247, 46.073
0.123, 55.756, 47.649, 43.996, 44.462, 46.431
0.125, 57.328, 47.130, 43.996, 44.211, 46.879
0.127, 55.716, 46.646, 43.656, 43.620, 45.715
0.129, 53.822, 46.002, 42.850, 43.298, 45.429
0.131, 55.676, 46.002, 42.366, 42.635, 44.085
0.133, 57.328, 45.249, 41.740, 42.116, 43.709
0.135, 57.005, 44.802, 41.166, 41.489, 43.548
0.137, 55.233, 44.712, 40.969, 41.578, 43.441
0.139, 54.870, 44.873, 41.184, 41.775, 43.315
0.141, 56.240, 44.623, 41.310, 41.847, 43.423
0.143, 56.361, 44.569, 41.274, 41.919, 43.477
0.145, 56.240, 44.300, 41.256, 41.829, 43.333
0.147, 56.441, 44.121, 41.256, 41.901, 42.975
0.149, 54.991, 43.477, 41.059, 41.471, 42.778
0.151, 55.192, 43.101, 40.772, 41.184, 42.008
0.153, 56.482, 42.563, 40.432, 40.755, 41.793
0.155, 56.562, 41.686, 40.092, 39.286, 41.381
0.157, 55.958, 41.686, 39.734, 40.164, 40.934
0.159, 55.233, 40.898, 38.498, 39.537, 40.576
0.161, 55.353, 41.525, 39.591, 38.480, 42.241
0.163, 55.958, 40.558, 39.626, 37.316, 39.698
0.165, 56.482, 41.166, 39.752, 39.018, 40.289
0.167, 55.636, 39.304, 39.680, 37.316, 40.271
0.169, 55.071, 34.558, 39.555, 39.662, 40.199
0.171, 55.716, 67.778, 39.537, 39.322, 39.752
0.173, 56.723, 67.778, 39.626, 39.501, 39.626
0.175, 70.786, 67.778, 38.194, 38.892, 38.176
0.177, 55.636, 39.877, 38.982, 39.465, 38.552
0.179, 55.998, 37.567, 38.373, 39.232, 38.480
0.181, 62.647, 38.409, 38.659, 39.447, 38.230
0.183, 56.361, 39.214, 38.677, 39.447, 38.015
0.185, 56.079, 39.107, 38.606, 39.591, 38.821
0.187, 55.958, 38.928, 38.677, 39.519, 37.961
0.189, 56.119, 38.659, 38.731, 39.447, 38.767
0.191, 56.079, 38.050, 38.677, 37.836, 37.639
0.193, 56.038, 38.355, 38.480, 38.409, 37.549
0.195, 56.079, 38.068, 38.498, 39.232, 37.191
0.197, 55.877, 37.639, 38.641, 38.301, 36.815
0.199, 55.998, 37.263, 38.265, 39.268, 35.794
0.201, 56.079, 37.442, 38.230, 39.035, 36.636
0.203, 56.240, 37.173, 38.158, 37.316, 36.618
0.205, 56.119, 37.388, 38.086, 38.695, 34.952
0.207, 56.200, 37.173, 38.068, 38.588, 36.546
0.209, 55.958, 36.976, 38.068, 38.749, 36.958
0.211, 56.038, 35.364, 38.713, 38.910, 33.770
0.213, 56.119, 35.257, 38.122, 39.197, 35.579
0.215, 56.079, 36.081, 38.230, 39.143, 35.722
0.217, 56.119, 36.492, 38.176, 39.071, 35.579
0.219, 56.038, 33.591, 38.086, 39.018, 34.540
0.221, 56.240, 34.523, 37.764, 38.230, 35.293
0.223, 56.119, 34.773, 37.961, 37.352, 35.561
0.225, 56.119, 35.024, 37.800, 38.301, 35.364
0.227, 56.240, 36.063, 37.764, 38.570, 35.633
0.229, 56.200, 36.134, 37.800, 38.874, 36.707
0.231, 56.200, 36.188, 37.907, 39.035, 35.382
0.233, 56.119, 36.009, 37.853, 39.018, 35.382
0.235, 56.280, 35.902, 37.943, 39.018, 35.275
0.237, 56.361, 35.776, 37.907, 39.071, 35.346
0.239, 56.200, 35.651, 37.853, 39.053, 35.203
0.241, 56.119, 36.063, 37.925, 38.928, 35.078
0.243, 56.119, 35.687, 37.782, 38.910, 35.078
0.245, 56.280, 36.009, 37.800, 38.874, 34.934
0.247, 56.321, 35.902, 37.656, 38.856, 34.970
0.249, 56.240, 35.705, 37.585, 38.803, 34.988
0.251, 56.280, 35.687, 37.710, 38.695, 34.934
0.253, 56.361, 35.830, 37.746, 38.767, 34.952
0.255, 56.361, 35.794, 37.710, 38.856, 34.755
0.257, 56.280, 35.364, 37.746, 38.928, 34.917
0.259, 56.200, 34.075, 37.603, 38.946, 35.060
0.261, 56.240, 35.436, 37.818, 38.874, 34.881
0.263, 56.280, 35.508, 37.782, 38.892, 34.917
0.265, 56.240, 35.525, 38.230, 38.785, 34.881
0.267, 56.361, 35.561, 37.603, 38.785, 34.827
0.269, 56.321, 35.615, 37.603, 38.749, 34.809
0.271, 56.119, 35.579, 37.567, 38.767, 34.845
0.273, 56.321, 35.633, 37.513, 38.677, 35.096
0.275, 56.321, 35.167, 37.549, 38.767, 34.845
0.277, 56.401, 35.651, 38.212, 38.767, 33.609
0.279, 56.321, 35.615, 37.585, 38.588, 33.770
0.281, 56.361, 35.543, 37.621, 38.588, 34.236
0.283, 56.200, 35.579, 37.603, 38.695, 34.487
0.285, 56.321, 35.543, 37.603, 38.731, 33.985
0.287, 56.321, 35.508, 37.585, 37.710, 33.788
0.289, 56.321, 35.508, 37.352, 38.641, 33.717
0.291, 56.361, 35.543, 37.460, 38.606, 33.645
0.293, 56.401, 35.382, 37.477, 38.659, 33.162
0.295, 56.321, 35.508, 37.280, 38.552, 34.630
0.297, 56.321, 35.615, 37.388, 38.516, 34.469
0.299, 56.401, 35.579, 37.477, 38.355, 41.596
0.301, 56.643, 35.615, 37.460, 38.570, 33.556
0.303, 56.441, 35.561, 37.495, 38.552, 33.466
0.305, 56.441, 35.382, 37.460, 38.516, 38.803
0.307, 56.361, 35.525, 37.477, 38.516, 35.830
0.309, 56.361, 35.472, 37.334, 38.516, 40.146
0.311, 56.482, 35.508, 37.513, 38.301, 35.615
0.313, 56.159, 35.597, 37.424, 38.373, 34.917
0.315, 56.361, 35.454, 37.406, 38.498, 34.827
0.317, 56.804, 35.561, 37.334, 38.409, 34.970
0.319, 56.401, 35.561, 37.334, 38.355, 34.917
0.321, 55.877, 35.508, 37.406, 39.537, 34.809
0.323, 54.507, 35.311, 37.298, 38.409, 34.755
0.325, 57.167, 34.540, 35.633, 38.104, 34.379
0.327, 57.207, 33.108, 35.275, 36.707, 32.786
0.329, 55.756, 32.015, 34.361, 35.203, 31.729
0.331, 55.555, 30.995, 33.215, 34.361, 31.120
0.333, 56.361, 30.493, 32.642, 33.466, 30.798
0.335, 56.885, 29.490, 31.586, 32.445, 29.705
0.337, 56.482, 28.488, 30.637, 31.335, 29.043
0.339, 55.797, 27.771, 29.795, 30.565, 28.201
0.341, 55.716, 27.270, 28.738, 30.028, 28.183
0.343, 55.716, 26.160, 28.488, 29.204, 27.825
0.345, 56.965, 25.586, 27.538, 28.273, 26.052
0.347, 56.723, 24.637, 26.715, 27.431, 25.246
0.349, 55.515, 24.405, 26.142, 26.965, 24.530
0.351, 55.636, 23.545, 25.479, 26.124, 24.208
0.353, 56.643, 22.918, 23.903, 25.246, 23.348
0.355, 56.482, 22.077, 23.957, 24.781, 22.757
0.357, 56.321, 21.772, 23.438, 24.100, 21.808
0.359, 56.119, 21.109, 23.258, 23.420, 21.754
0.361, 55.998, 20.393, 22.238, 23.384, 21.020
0.363, 56.321, 19.766, 21.503, 21.915, 20.501
0.365, 56.522, 19.372, 20.339, 21.665, 19.802
0.367, 56.200, 18.907, 20.554, 20.769, 19.426
0.369, 55.756, 18.334, 19.999, 20.322, 18.978
0.371, 55.998, 17.528, 19.337, 20.716, 18.423
0.373, 56.603, 17.367, 18.889, 19.283, 17.993
0.375, 56.280, 16.883, 18.549, 18.781, 17.617
0.377, 56.038, 16.239, 17.743, 17.456, 17.241
0.379, 56.280, 15.773, 17.349, 17.510, 16.668
0.381, 56.280, 15.558, 16.865, 17.170, 16.006
0.383, 56.361, 15.110, 16.686, 16.901, 15.504
0.385, 56.200, 14.573, 16.435, 16.328, 15.451
0.387, 56.200, 14.090, 15.665, 15.898, 14.931
0.389, 56.401, 14.054, 15.325, 15.415, 14.537
0.391, 56.401, 13.696, 14.967, 15.057, 14.125
0.393, 56.401, 13.302, 14.573, 14.448, 13.893
0.395, 56.321, 12.746, 14.197, 14.322, 12.603
0.397, 56.119, 12.406, 13.821, 13.857, 13.212
0.399, 56.361, 12.209, 13.463, 13.588, 12.890
0.401, 56.441, 11.905, 13.105, 13.176, 12.657
0.403, 56.280, 11.296, 12.890, 12.746, 12.335
0.405, 56.280, 12.209, 12.549, 12.836, 11.994
0.407, 56.401, 10.956, 12.227, 12.120, 11.761
0.409, 56.401, 10.633, 11.242, 11.923, 11.565
0.411, 56.361, 10.293, 11.565, 11.636, 11.923
0.413, 56.441, 10.186, 11.296, 11.135, 10.991
0.415, 56.401, 9.881, 10.830, 10.974, 10.633
0.417, 56.401, 9.684, 10.830, 10.651, 10.562
0.419, 56.522, 9.380, 10.526, 10.454, 10.275
0.421, 56.401, 9.577, 10.239, 10.078, 10.024
0.423, 56.280, 9.004, 9.953, 9.881, 9.702
0.425, 56.482, 8.932, 9.863, 9.845, 9.541
0.427, 56.441, 8.484, 9.630, 9.433, 9.469
0.429, 56.482, 8.628, 9.487, 9.272, 9.272
0.431, 56.441, 8.359, 9.093, 9.165, 9.057
0.433, 56.522, 8.610, 9.039, 8.986, 8.878
0.435, 56.562, 8.055, 8.789, 8.950, 9.272
0.437, 56.522, 7.929, 8.628, 8.520, 8.646
0.439, 56.603, 7.750, 8.413, 8.234, 8.502
0.441, 56.441, 7.535, 8.269, 8.037, 8.359
0.443, 56.441, 7.267, 7.875, 7.947, 8.305
0.445, 56.482, 7.231, 7.911, 7.732, 8.753
0.447, 56.401, 5.888, 7.696, 7.625, 7.911
0.449, 56.441, 6.998, 7.517, 7.464, 9.308
0.451, 56.441, 6.926, 7.535, 7.392, 7.589
0.453, 56.643, 6.873, 6.747, 7.123, 7.464
0.455, 56.562, 6.765, 7.284, 7.088, 7.284
0.457, 56.482, 6.550, 7.696, 6.962, 7.249
0.459, 56.522, 6.407, 7.141, 6.837, 7.159
0.461, 56.482, 6.389, 6.962, 6.765, 7.088
0.463, 56.562, 6.264, 6.873, 6.497, 7.070
0.465, 56.562, 6.264, 6.729, 6.425, 6.819
0.467, 56.562, 6.317, 6.711, 6.479, 6.926
0.469, 56.562, 6.085, 7.034, 6.317, 6.783
0.471, 56.522, 6.120, 10.078, 5.010, 7.231
0.473, 56.441, 5.959, 8.968, 6.156, 8.932
0.475, 56.441, 5.923, 7.338, 6.085, 8.592
0.477, 56.401, 5.333, 6.497, 5.350, 6.747
0.479, 56.562, 67.778, 6.658, 5.906, 6.479
0.481, 56.522, 67.778, 7.016, 5.798, 6.532
0.483, 56.441, 67.778, 5.941, 5.744, 6.514
0.485, 72.760, 12.746, 6.335, 4.401, 7.088
0.487, 56.361, 6.407, 6.658, 5.673, 6.550
0.489, 56.522, 5.762, 7.123, 5.082, 6.335
0.491, 56.482, 5.637, 9.344, 6.389, 5.941
0.493, 56.401, 5.315, 9.756, 5.458, 6.156
0.495, 56.441, 5.350, 8.466, 5.350, 6.067
0.497, 56.562, 5.207, 8.037, 5.350, 6.120
0.499, 56.482, 5.136, 7.911, 5.171, 6.317
0.501, 55.797, 5.100, 5.959, 5.225, 6.747
0.503, 56.562, 5.207, 5.744, 5.136, 6.658
0.505, 56.522, 5.136, 8.610, 5.136, 6.783
0.507, 56.482, 5.064, 8.198, 5.064, 7.410
0.509, 56.603, 5.136, 4.849, 5.046, 6.855
0.511, 56.522, 4.956, 6.801, 5.243, 6.980
0.513, 56.522, 5.082, 10.580, 4.921, 8.252
0.515, 56.280, 4.921, 11.296, 4.885, 9.039
0.517, 56.683, 4.688, 9.630, 4.992, 9.039
0.519, 56.603, 5.494, 5.798, 4.903, 6.837
0.521, 56.562, 4.509, 5.547, 4.921, 7.284
0.523, 56.603, 4.849, 5.565, 4.795, 6.210
0.525, 56.562, 4.831, 5.422, 4.813, 6.729
0.527, 56.603, 4.885, 5.458, 4.545, 5.565
0.529, 56.603, 4.849, 5.153, 4.706, 5.261
0.531, 56.562, 4.634, 5.476, 4.688, 5.243
0.533, 56.643, 67.778, 7.105, 4.831, 4.885
0.535, 56.683, 67.778, 5.207, 4.724, 4.885
0.537, 56.683, 67.778, 6.300, 4.831, 3.936
0.539, 72.800, 67.778, 5.852, 5.368, 4.330
0.541, 56.723, 5.243, 4.742, 4.921, 5.243
0.543, 56.643, 4.795, 4.330, 4.634, 4.885
0.545, 56.683, 4.706, 4.652, 4.616, 4.616
0.547, 56.723, 67.778, 4.813, 4.616, 4.759
0.549, 56.723, 67.778, 4.813, 4.509, 4.813
0.551, 56.683, 67.778, 4.688, 4.527, 4.885
0.553, 68.529, 67.778, 4.580, 4.401, 4.598
0.555, 56.683, 4.849, 4.759, 4.258, 4.759
0.557, 56.804, 4.437, 4.795, 4.491, 4.616
0.559, 56.683, 67.778, 4.956, 4.258, 4.061
0.561, 56.723, 67.778, 4.885, 4.365, 4.652
0.563, 56.723, 67.778, 4.509, 4.330, 4.634
0.565, 69.416, 48.509, 4.670, 4.151, 4.545
0.567, 56.844, 67.778, 4.562, 4.258, 4.419
0.569, 56.764, 67.778, 4.437, 4.222, 4.312
0.571, 56.764, 67.778, 4.204, 4.885, 4.186
0.573, 56.764, 5.350, 4.419, 4.240, 4.437
0.575, 56.804, 4.562, 4.419, 5.512, 4.419
0.577, 56.885, 67.778, 4.759, 4.007, 4.330
0.579, 56.683, 67.778, 9.183, 4.312, 4.312
0.581, 56.643, 67.778, 4.365, 4.222, 4.276
0.583, 56.764, 67.778, 4.276, 3.631, 4.348
0.585, 70.786, 67.778, 4.097, 4.670, 4.419
0.587, 56.723, 4.616, 4.348, 4.133, 4.294
0.589, 56.723, 4.079, 4.294, 4.079, 4.276
0.591, 56.683, 4.061, 4.258, 3.327, 4.240
0.593, 56.723, 4.043, 3.972, 4.043, 4.222
0.595, 56.764, 4.043, 4.168, 4.240, 4.240
0.597, 56.804, 3.972, 4.222, 3.989, 4.186
0.599, 56.844, 4.043, 4.276, 4.007, 4.222
0.601, 56.804, 4.025, 4.849, 3.846, 4.133
0.603, 56.683, 3.936, 4.742, 3.882, 4.133
0.605, 55.555, -0.147, 4.240, 8.090, 4.545
0.607, 56.804, 3.918, 4.956, 3.882, 4.204
0.609, 56.723, 3.864, 4.312, 3.828, 4.007
0.611, 56.603, 3.667, 5.279, 3.775, 4.133
0.613, 56.885, 3.757, 3.757, 4.473, 4.079
0.615, 56.764, 4.007, 4.133, 3.792, 4.025
0.617, 56.723, 2.754, 4.133, 3.775, 2.843
0.619, 56.804, 3.721, 4.025, 3.792, 3.972
0.621, 56.764, 3.775, 4.133, 3.828, 4.025
0.623, 56.764, 3.828, 4.097, 3.578, 3.989
0.625, 56.764, 3.792, 4.151, 3.685, 2.861
0.627, 56.764, 3.757, 4.365, 3.703, 3.936
0.629, 56.804, 3.345, 4.258, 3.792, 3.989
0.631, 56.844, 3.703, 4.204, 3.685, 3.828
0.633, 56.764, 3.703, 4.097, 3.667, 3.864
0.635, 56.764, 3.631, 4.061, 3.649, 3.900
0.637, 56.764, 3.613, 4.151, 3.649, 3.828
0.639, 56.764, 3.613, 3.972, 3.631, 3.846
0.641, 56.764, 3.560, 4.348, 3.524, 3.882
0.643, 56.764, 3.560, 4.527, 3.595, 3.739
0.645, 56.804, 3.470, 3.989, 3.470, 3.810
0.647, 56.764, 3.488, 4.133, 3.506, 3.810
0.649, 56.764, 3.452, 4.186, 3.595, 3.649
0.651, 56.522, 2.987, 4.616, 3.452, 3.775
0.653, 56.804, 3.416, 5.404, 3.470, 3.721
0.655, 56.723, 3.434, 4.580, 3.470, 3.613
0.657, 56.804, 3.363, 3.882, 3.416, 3.595
0.659, 56.764, 3.398, 3.989, 3.345, 3.631
0.661, 56.764, 3.273, 3.972, 3.434, 3.631
0.663, 56.764, 67.778, 3.703, 4.043, 3.721
0.665, 56.925, 67.778, 3.649, 3.363, 3.685
0.667, 56.925, 67.778, 3.542, 3.327, 3.560
0.669, 56.844, 4.007, 3.560, 3.237, 3.524
0.671, 56.844, 3.685, 3.631, 3.273, 3.649
0.673, 56.844, 3.255, 3.667, 3.237, 3.667
0.675, 56.723, 3.166, 3.578, 3.201, 3.703
0.677, 57.086, 67.778, 3.703, 3.166, 3.094
0.679, 57.005, 67.778, 3.560, 3.345, 3.595
0.681, 56.925, 67.778, 3.309, 3.864, 3.452
0.683, 56.965, 3.578, 3.488, 3.184, 3.882
0.685, 56.844, 3.524, 3.578, 3.201, 4.795
0.687, 56.925, 3.739, 3.560, 3.488, 5.010
0.689, 57.005, 3.255, 3.560, 2.969, 5.136
0.691, 56.965, 3.273, 3.649, 3.166, 3.846
0.693, 56.925, 3.148, 3.452, 3.112, 3.954
0.695, 56.965, 2.987, 3.363, 3.076, 3.810
0.697, 56.925, 3.040, 3.381, 3.076, 3.864
0.699, 56.925, 2.933, 3.291, 2.772, 4.455
0.701, 56.965, 3.058, 3.381, 2.843, 3.882
0.703, 57.005, 3.022, 3.309, 3.327, 3.954
0.705, 56.885, 2.951, 3.363, 3.022, 3.936
0.707, 57.005, 3.058, 3.237, 3.022, 3.846
0.709, 56.844, 3.148, 3.291, 2.987, 3.775
0.711, 57.046, 3.004, 3.219, 2.825, 4.043
0.713, 57.005, 3.058, 3.112, 3.219, 4.079
0.715, 56.965, 3.022, 3.201, 2.682, 3.721
0.717, 57.086, 3.022, 3.166, 2.915, 3.452
0.719, 56.804, 3.076, 3.184, 2.987, 3.488
0.721, 57.046, 2.933, 3.273, 2.915, 3.578
0.723, 57.046, 3.076, 2.664, 3.040, 3.488
0.725, 57.086, 3.184, 3.201, 2.861, 3.524
0.727, 57.086, 3.094, 3.148, 2.915, 3.560
0.729, 57.167, 3.166, 2.628, 2.951, 3.721
0.731, 57.086, 2.987, 3.201, 3.004, 3.398
0.733, 57.167, 2.897, 3.184, 2.897, 3.434
0.735, 57.086, 3.739, 2.897, 2.915, 3.184
0.737, 57.167, 2.969, 2.987, 2.897, 3.595
0.739, 57.126, 3.130, 2.969, 2.772, 4.133
0.741, 57.086, 2.987, 3.470, 2.915, 3.667
0.743, 57.086, 3.004, 4.097, 2.664, 4.186
0.745, 57.167, 2.987, 3.363, 2.933, 4.043
0.747, 57.086, 3.327, 3.739, 2.861, 3.846
0.749, 56.925, 2.987, 5.153, 2.915, 3.864
0.751, 57.086, 3.076, 4.007, 2.807, 3.757
0.753, 57.086, 3.273, 3.542, 2.628, 3.757
0.755, 56.965, 3.040, 4.007, 2.915, 3.398
0.757, 57.046, 2.843, 3.918, 2.897, 3.828
0.759, 57.126, 3.631, 3.649, 2.772, 3.775
0.761, 57.086, 2.987, 3.416, 2.736, 3.846
0.763, 56.885, 2.861, 3.488, 2.825, 6.873
0.765, 57.086, 2.987, 3.058, 2.807, 4.992
0.767, 57.005, 3.363, 2.969, 2.843, 3.703
0.769, 57.046, 2.700, 3.398, 2.539, 4.097
0.771, 57.005, 3.004, 3.345, 2.772, 3.434
0.773, 57.046, 2.969, 3.595, 2.825, 2.306
0.775, 56.965, 3.022, 3.201, 2.772, 3.398
0.777, 56.925, 2.969, 3.076, 2.163, 3.255
0.779, 56.925, 3.004, 3.219, 2.807, 3.201
0.781, 57.046, 2.861, 3.094, 2.754, 3.112
0.783, 56.965, 3.022, 3.685, 2.879, 3.004
0.785, 56.965, 2.915, 3.649, 2.861, 3.255
0.787, 57.005, 3.040, 3.219, 2.861, 3.972
0.789, 57.005, 2.933, 3.309, 2.825, 3.918
0.791, 56.925, 2.772, 3.201, 2.951, 5.888
0.793, 57.086, 2.915, 3.398, 2.843, 4.419
0.795, 57.005, 2.969, 3.542, 2.754, 4.061
0.797, 57.086, 3.631, 4.867, 2.879, 3.954
0.799, 57.005, 2.897, 6.174, 2.790, 3.613
0.801, 57.167, 2.700, 4.204, 2.825, 3.667
0.803, 57.126, 2.879, 4.437, 2.825, 3.237
0.805, 57.086, 2.879, 6.819, 2.772, 3.130
0.807, 57.167, 2.915, 3.685, 2.825, 3.936
0.809, 57.167, 2.879, 6.765, 2.611, 3.989
0.811, 57.126, 3.022, 6.550, 2.807, 3.613
0.813, 57.005, 2.879, 3.864, 2.790, 4.007
0.815, 57.046, 2.897, 3.936, 2.790, 4.133
0.817, 57.086, 2.754, 3.416, 2.807, 4.437
0.819, 57.086, 2.897, 3.291, 2.772, 4.401
0.821, 57.126, 3.166, 3.201, 2.790, 3.972
0.823, 57.167, 2.915, 3.130, 2.682, 4.115
0.825, 57.167, 2.951, 3.219, 2.861, 3.972
0.827, 57.207, 2.933, 3.130, 2.790, 4.007
0.829, 57.207, 2.915, 3.184, 2.825, 4.061
0.831, 57.126, 3.076, 2.700, 2.897, 4.240
0.833, 57.126, 2.933, 2.987, 2.807, 4.580
0.835, 57.207, 2.951, 3.130, 3.184, 4.724
0.837, 57.288, 2.987, 3.094, 2.700, 3.882
0.839, 57.247, 3.040, 3.094, 2.825, 4.097
0.841, 57.126, 2.969, 3.022, 2.969, 3.810
0.843, 57.167, 2.879, 3.112, 2.807, 3.864
0.845, 57.247, 3.004, 2.987, 2.843, 3.972
0.847, 57.005, 2.969, 3.166, 2.951, 4.473
0.849, 57.207, 2.915, 3.022, 2.861, 3.721
0.851, 57.247, 2.933, 3.166, 2.951, 3.918
0.853, 57.167, 2.861, 3.076, 2.879, 3.936
0.855, 57.288, 2.843, 3.130, 2.843, 3.954
0.857, 57.207, 3.040, 3.595, 2.790, 3.810
0.859, 57.207, 2.861, 2.951, 2.754, 3.900
0.861, 57.288, 2.951, 2.969, 2.807, 3.846
0.863, 57.328, 2.987, 3.058, 2.843, 4.025
0.865, 57.207, 2.682, 3.022, 2.772, 3.989
0.867, 57.288, 2.987, 3.076, 2.843, 3.989
0.869, 57.328, 2.915, 3.058, 2.915, 3.972
0.871, 57.247, 3.112, 3.094, 2.843, 3.918
0.873, 57.328, 3.094, 3.094, 2.772, 4.043
0.875, 57.167, 3.022, 3.237, 3.094, 4.186
0.877, 57.247, 3.040, 3.345, 3.130, 6.622
0.879, 57.167, 3.058, 4.204, 2.521, 7.356
0.881, 57.328, 3.004, 4.079, 3.004, 6.801
0.883, 57.247, 2.807, 3.649, 3.004, 5.136
0.885, 57.126, 3.004, 3.972, 2.915, 4.992
0.887, 57.167, 3.004, 4.509, 2.431, 4.849
0.889, 57.167, 3.004, 5.995, 2.700, 4.598
0.891, 57.086, 2.772, 5.547, 2.682, 5.100
0.893, 57.207, 2.915, 5.225, 2.772, 5.565
0.895, 57.126, 2.897, 5.350, 2.754, 6.228
0.897, 57.207, 2.790, 7.356, 2.915, 5.028
0.899, 57.288, 2.969, 6.174, 2.861, 3.542
0.901, 57.247, 2.073, 5.404, 2.790, 4.115
0.903, 57.207, 2.969, 5.064, 2.933, 4.813
0.905, 57.288, 3.918, 6.174, 3.094, 4.580
0.907, 57.207, 2.682, 4.813, 2.915, 4.294
0.909, 57.288, 2.431, 4.903, 2.969, 4.025
0.911, 57.207, 3.757, 5.261, 2.933, 3.989
0.913, 57.247, 2.897, 5.565, 3.022, 3.363
0.915, 57.288, 2.807, 4.509, 3.058, 3.828
0.917, 57.167, 2.861, 5.476, 2.915, 3.363
0.919, 57.207, 2.843, 4.079, 2.987, 4.115
0.921, 57.167, 2.933, 3.775, 4.312, 4.580
0.923, 57.408, 2.879, 3.667, 3.058, 5.171
0.925, 57.288, 2.969, 3.721, 3.076, 2.969
0.927, 57.328, 2.843, 3.416, 2.772, 2.342
0.929, 57.167, 2.843, 3.309, 2.987, 3.058
0.931, 57.167, 1.966, 3.309, 3.076, 3.237
0.933, 57.288, 2.825, 3.255, 3.004, 3.076
0.935, 57.288, 2.700, 3.255, 2.969, 3.076
0.937, 57.368, 2.628, 3.219, 2.987, 3.345
0.939, 57.288, 2.807, 3.130, 2.933, 3.363
0.941, 57.167, 2.772, 3.201, 2.933, 3.363
0.943, 57.328, 2.861, 3.237, 2.897, 5.959
0.945, 57.408, 2.736, 3.201, 3.613, 4.777
0.947, 57.207, 2.879, 3.112, 2.754, 7.947
0.949, 57.247, 2.879, 3.040, 2.861, 6.604
0.951, 57.368, 2.915, 3.058, 2.718, 5.297
0.953, 57.247, 2.897, 3.076, 2.772, 5.816
0.955, 57.328, 2.843, 3.040, 2.736, 4.151
0.957, 57.247, 2.843, 2.897, 2.825, 3.398
0.959, 57.368, 2.772, 3.201, 2.843, 3.757
0.961, 57.247, 2.790, 2.915, 2.772, 4.240
0.963, 57.328, 2.897, 2.933, 2.772, 4.473
0.965, 57.328, 2.951, 3.381, 2.772, 5.046
0.967, 57.328, 2.933, 3.004, 2.807, 4.527
0.969, 57.368, 3.022, 2.843, 2.754, 3.506
0.971, 57.288, 2.987, 2.897, 2.664, 3.613
0.973, 57.449, 2.915, 2.933, 2.843, 3.649
0.975, 57.408, 2.825, 2.933, 2.754, 3.739
0.977, 57.489, 2.897, 2.951, 2.790, 3.810
0.979, 57.368, 2.897, 2.933, 2.718, 3.846
0.981, 57.408, 2.879, 2.951, 2.790, 3.703
0.983, 57.167, 2.987, 2.342, 3.112, 3.613
0.985, 57.449, 2.897, 2.987, 2.575, 3.703
0.987, 57.408, 2.861, 3.058, 2.861, 3.345
0.989, 57.449, 2.933, 3.004, 2.772, 3.524
0.991, 57.408, 2.700, 2.969, 2.754, 3.524
0.993, 57.328, 2.288, 3.004, 2.825, 3.452
0.995, 57.489, 2.754, 2.879, 2.825, 2.951
0.997, 57.408, 2.879, 3.076, 2.861, 3.506
0.999, 57.489, 2.861, 3.058, 2.628, 3.452
