10.068
10.073
10.077
10.081
10.085
10.089
10.093
10.098
10.102
10.106
10.11
10.114
10.118
10.123
10.127
10.131
10.135
10.139
10.143
10.148
10.152
10.156
10.16
10.164
10.168
10.173
10.177
10.181
10.185
10.189
10.194
10.198
10.202
10.206
10.21
10.214
10.219
10.223
10.227
10.231
10.235
10.239
10.244
10.248
10.252
10.256
10.26
10.264
10.269
10.273
10.277
10.281
10.285
10.289
10.294
10.298
10.302
10.306
10.31
10.314
10.319
10.323
10.327
10.331
10.335
10.339
10.344
10.348
10.352
10.356
10.36
10.365
10.369
10.373
10.377
10.381
10.385
10.39
10.394
10.398
10.402
10.406
10.41
10.415
10.419
10.423
10.427
10.431
10.435
10.44
10.444
10.448
10.452
10.456
10.46
10.465
10.469
10.473
10.477
10.481
10.485
10.49
10.494
10.498
10.502
10.506
10.51
10.515
10.519
10.523
10.527
10.531
10.536
10.54
10.544
10.548
10.552
10.556
10.561
10.565
10.569
10.573
10.577
10.581
10.586
10.59
10.594
10.598
10.602
10.606
10.611
10.615
10.619
10.623
10.627
10.631
10.636
10.64
10.644
10.648
10.652
10.656
10.661
10.665
10.669
10.673
10.677
10.681
10.686
10.69
10.694
10.698
10.702
10.707
10.711
10.715
10.719
10.723
10.727
10.732
10.736
10.74
10.744
10.748
10.752
10.757
10.761
10.765
10.769
