0.001,547.84,19.524,19.647,20.444,18.285
0.003,548.97,19.766,20.17,20.6,19.031
0.005,549.86,19.956,20.496,20.64,19.678
0.007,550.28,20.061,20.501,20.505,20.153
0.009,549.99,20.082,20.186,20.24,20.429
0.011,548.85,20.051,19.695,20.003,20.532
0.013,546.78,20.017,19.291,20.053,20.52
0.015,543.89,20.023,19.306,20.704,20.467
0.017,540.42,20.087,20.07,22.269,20.43
0.019,536.71,20.186,21.852,25.006,20.427
0.021,533.16,20.261,24.813,29.077,20.437
0.023,530.03,20.238,29.001,34.529,20.408
0.025,527.45,20.06,34.358,41.298,20.287
0.027,525.3,19.727,40.759,49.232,20.055
0.029,523.29,19.315,48.044,58.12,19.755
0.031,521.02,18.983,56.051,67.719,19.508
0.033,518.15,18.954,64.625,77.781,19.499
0.035,514.45,19.479,73.625,88.065,19.951
0.037,509.91,20.788,82.911,98.355,21.081
0.039,504.76,23.049,92.341,108.46,23.06
0.041,499.33,26.351,101.77,118.25,25.986
0.043,494,30.699,111.06,127.61,29.869
0.045,489.07,36.04,120.1,136.51,34.654
0.047,484.68,42.295,128.82,144.97,40.24
0.049,480.8,49.381,137.2,153.04,46.517
0.051,477.27,57.233,145.25,160.81,53.39
0.053,473.89,65.788,153.03,168.34,60.785
0.055,470.45,74.966,160.6,175.71,68.648
0.057,466.85,84.647,168.02,182.94,76.924
0.059,463.08,94.655,175.29,190,85.541
0.061,459.22,104.77,182.4,196.87,94.4
0.063,455.4,114.73,189.31,203.52,103.38
0.065,451.72,124.34,195.98,209.91,112.33
0.067,448.27,133.45,202.39,216.05,121.14
0.069,445.04,142,208.52,221.98,129.7
0.071,442.01,150.06,214.4,227.73,137.99
0.073,439.11,157.73,220.08,233.35,145.99
0.075,436.29,165.17,225.6,238.85,153.73
0.077,433.48,172.52,231,244.23,161.26
0.079,430.69,179.87,236.29,249.44,168.61
0.081,427.89,187.24,241.45,254.43,175.78
0.083,425.13,194.63,246.45,259.16,182.74
0.085,422.42,202,251.28,263.57,189.47
0.087,419.78,209.34,255.9,267.67,195.93
0.089,417.22,216.59,260.29,271.48,202.1
0.091,414.76,223.68,264.47,275.02,208.01
0.093,412.37,230.46,268.43,278.31,213.7
0.095,410.04,236.71,272.17,281.37,219.23
0.097,407.73,242.13,275.68,284.19,224.65
0.099,405.4,246.44,278.95,286.78,230.01
0.101,403.02,249.45,282,289.16,235.3
0.103,400.58,251.2,284.84,291.4,240.49
0.105,398.12,251.98,287.55,293.61,245.55
0.107,395.7,252.35,290.23,295.93,250.43
0.109,393.39,253.02,292.95,298.47,255.08
0.111,391.31,254.73,295.77,301.25,259.49
0.113,389.5,258,298.65,304.18,263.65
0.115,388.02,263.01,301.46,307.02,267.55
0.117,386.84,269.56,303.94,309.41,271.22
0.119,385.89,277.05,305.78,310.96,274.67
0.121,385.05,284.7,306.67,311.34,277.94
0.123,384.23,291.73,306.41,310.38,281.08
0.125,383.35,297.57,304.94,308.13,284.18
0.127,382.38,301.97,302.44,304.91,287.31
0.129,381.35,305.06,299.27,301.25,290.55
0.131,380.33,307.2,295.92,297.74,293.91
0.133,379.43,308.83,292.9,294.9,297.32
0.135,378.72,310.29,290.61,293.08,300.58
0.137,378.25,311.68,289.25,292.34,303.41
0.139,378.04,312.83,288.76,292.43,305.44
0.141,378.04,313.34,288.88,292.95,306.36
0.143,378.19,312.79,289.17,293.36,305.92
0.145,378.42,310.87,289.22,293.24,304.1
0.147,378.67,307.52,288.71,292.35,301.08
0.149,378.91,302.98,287.5,290.71,297.23
0.151,379.12,297.77,285.69,288.58,293.1
0.153,379.32,292.5,283.58,286.37,289.22
0.155,379.52,287.77,281.52,284.51,286.04
0.157,379.74,283.97,279.87,283.29,283.81
0.159,379.97,281.22,278.84,282.83,282.5
0.161,380.22,279.37,278.46,283.02,281.87
0.163,380.47,278.1,278.55,283.56,281.5
0.165,380.71,277.02,278.84,284.09,280.95
0.167,380.91,275.8,278.99,284.3,279.87
0.169,381.06,274.3,278.75,283.98,278.09
0.171,381.14,272.56,277.98,283.12,275.66
0.173,381.14,270.73,276.74,281.89,272.85
0.175,381.04,269.03,275.21,280.54,270.04
0.177,380.87,267.62,273.67,279.37,267.6
0.179,380.63,266.51,272.38,278.58,265.81
0.181,380.37,265.58,271.53,278.24,264.77
0.183,380.13,264.6,271.16,278.31,264.34
0.185,379.95,263.33,271.2,278.61,264.22
0.187,379.86,261.58,271.45,278.92,264.01
0.189,379.87,259.34,271.7,279.04,263.34
0.191,379.98,256.78,271.74,278.87,261.96
0.193,380.17,254.18,271.46,278.4,259.8
0.195,380.39,251.88,270.85,277.7,257
0.197,380.62,250.18,270,276.94,253.86
0.199,380.82,249.22,269.06,276.28,250.76
0.201,380.97,248.96,268.2,275.85,248.05
0.203,381.08,249.22,267.55,275.68,245.97
0.205,381.14,249.71,267.18,275.76,244.61
0.207,381.18,250.17,267.09,276,243.88
0.209,381.22,250.44,267.22,276.28,243.62
0.211,381.27,250.46,267.47,276.47,243.61
0.213,381.33,250.32,267.74,276.49,243.66
0.215,381.42,250.18,267.95,276.34,243.65
0.217,381.54,250.17,268.05,276.04,243.55
0.219,381.67,250.33,268.05,275.66,243.38
0.221,381.8,250.62,267.98,275.28,243.15
0.223,381.92,250.88,267.86,274.99,242.9
0.225,382.02,250.94,267.75,274.8,242.62
0.227,382.08,250.65,267.65,274.71,242.28
0.229,382.09,249.99,267.58,274.67,241.86
0.231,382.05,249.05,267.53,274.63,241.37
0.233,381.98,248.03,267.47,274.51,240.87
0.235,381.88,247.19,267.39,274.3,240.46
0.237,381.78,246.72,267.29,273.99,240.23
0.239,381.71,246.75,267.18,273.63,240.25
0.241,381.69,247.24,267.07,273.29,240.53
0.243,381.74,248.06,266.98,273.05,241
0.245,381.86,249.01,266.94,272.96,241.55
0.247,382.03,249.84,266.97,273.05,242.03
0.249,382.23,250.41,267.07,273.27,242.31
0.251,382.43,250.61,267.22,273.57,242.32
0.253,382.61,250.46,267.38,273.85,242.05
0.255,382.74,250.05,267.51,274,241.55
0.257,382.82,249.5,267.55,273.97,240.92
0.259,382.85,248.94,267.46,273.74,240.28
0.261,382.85,248.46,267.24,273.34,239.76
0.263,382.82,248.12,266.91,272.86,239.42
0.265,382.8,247.94,266.54,272.42,239.31
0.267,382.78,247.9,266.2,272.11,239.41
0.269,382.78,247.94,265.98,272,239.66
0.271,382.8,248,265.96,272.11,239.97
0.273,382.84,248,266.15,272.37,240.25
0.275,382.89,247.85,266.52,272.68,240.41
0.277,382.95,247.5,266.98,272.93,240.42
0.279,383.01,246.94,267.42,273.02,240.26
0.281,383.08,246.19,267.72,272.89,240.02
0.283,383.15,245.37,267.8,272.59,239.78
0.285,383.22,244.61,267.64,272.2,239.68
0.287,383.28,244.08,267.27,271.83,239.79
0.289,383.31,243.92,266.75,271.6,240.16
0.291,383.3,244.18,266.15,271.57,240.74
0.293,383.25,244.79,265.55,271.73,241.4
0.295,383.16,245.62,264.97,272.01,241.96
0.297,383.05,246.42,264.42,272.25,242.24
0.299,382.95,247.01,263.87,272.35,242.12
0.301,382.87,247.24,263.32,272.22,241.58
0.303,382.84,247.13,262.82,271.89,240.75
0.305,382.85,246.79,262.44,271.47,239.85
0.307,382.88,246.48,262.27,271.14,239.15
0.309,382.9,246.41,262.39,271.07,238.87
0.311,382.86,246.73,262.83,271.35,239.11
0.313,382.74,247.39,263.46,271.93,239.75
0.315,382.52,248.11,264.06,272.58,240.5
0.317,382.21,248.45,264.29,272.91,240.88
0.319,381.85,247.88,263.79,272.47,240.4
0.321,381.47,245.94,262.2,270.81,238.63
0.323,381.11,242.32,259.33,267.64,235.33
0.325,380.79,237.03,255.14,262.85,230.52
0.327,380.53,230.35,249.8,256.62,224.49
0.329,380.34,222.78,243.62,249.31,217.7
0.331,380.23,214.93,237.01,241.42,210.68
0.333,380.23,207.38,230.34,233.48,203.91
0.335,380.39,200.53,223.89,225.92,197.72
0.337,380.75,194.56,217.8,219,192.23
0.339,381.33,189.41,212.05,212.82,187.38
0.341,382.11,184.87,206.54,207.28,183.01
0.343,383,180.66,201.1,202.22,178.95
0.345,383.87,176.53,195.64,197.44,175.04
0.347,384.54,172.32,190.09,192.76,171.24
0.349,384.9,168.02,184.51,188.1,167.56
0.351,384.85,163.67,179.01,183.44,164.06
0.353,384.43,159.38,173.73,178.81,160.73
0.355,383.74,155.22,168.8,174.23,157.54
0.357,382.95,151.21,164.27,169.73,154.36
0.359,382.26,147.29,160.12,165.28,151.04
0.361,381.81,143.36,156.27,160.85,147.44
0.363,381.69,139.32,152.57,156.39,143.47
0.365,381.89,135.12,148.86,151.91,139.17
0.367,382.29,130.77,145.03,147.44,134.68
0.369,382.77,126.37,141,143.03,130.19
0.371,383.18,122.07,136.8,138.8,125.93
0.373,383.43,118.01,132.51,134.8,122.06
0.375,383.47,114.32,128.27,131.11,118.67
0.377,383.34,111.05,124.27,127.7,115.74
0.379,383.11,108.17,120.64,124.53,113.16
0.381,382.86,105.56,117.48,121.52,110.75
0.383,382.67,103.09,114.79,118.58,108.35
0.385,382.59,100.64,112.49,115.64,105.82
0.387,382.6,98.088,110.42,112.67,103.1
0.389,382.7,95.414,108.38,109.68,100.23
0.391,382.83,92.641,106.2,106.71,97.294
0.393,382.97,89.84,103.78,103.81,94.431
0.395,383.08,87.1,101.08,101.01,91.773
0.397,383.16,84.501,98.167,98.335,89.41
0.399,383.2,82.095,95.168,95.777,87.375
0.401,383.22,79.89,92.231,93.309,85.63
0.403,383.2,77.864,89.486,90.899,84.086
0.405,383.15,75.97,87.006,88.525,82.633
0.407,383.08,74.158,84.797,86.185,81.164
0.409,382.97,72.39,82.805,83.903,79.608
0.411,382.84,70.648,80.943,81.716,77.939
0.413,382.71,68.933,79.121,79.661,76.174
0.415,382.59,67.267,77.278,77.763,74.356
0.417,382.51,65.674,75.392,76.019,72.536
0.419,382.49,64.181,73.485,74.397,70.753
0.421,382.53,62.801,71.604,72.84,69.027
0.423,382.61,61.538,69.804,71.288,67.361
0.425,382.74,60.38,68.125,69.689,65.75
0.427,382.88,59.307,66.585,68.018,64.194
0.429,383.02,58.295,65.176,66.284,62.708
0.431,383.16,57.323,63.869,64.529,61.32
0.433,383.29,56.372,62.631,62.811,60.064
0.435,383.42,55.431,61.433,61.193,58.967
0.437,383.56,54.499,60.256,59.725,58.038
0.439,383.71,53.574,59.092,58.432,57.255
0.441,383.86,52.661,57.944,57.305,56.576
0.443,383.99,51.76,56.814,56.311,55.938
0.445,384.1,50.867,55.709,55.398,55.279
0.447,384.17,49.977,54.632,54.511,54.549
0.449,384.18,49.077,53.594,53.601,53.723
0.451,384.15,48.156,52.61,52.639,52.8
0.453,384.07,47.21,51.707,51.617,51.808
0.455,383.98,46.24,50.916,50.551,50.791
0.457,383.89,45.264,50.267,49.472,49.801
0.459,383.82,44.308,49.779,48.419,48.891
0.461,383.76,43.408,49.451,47.426,48.099
0.463,383.73,42.598,49.255,46.516,47.448
0.465,383.72,41.905,49.144,45.692,46.938
0.467,383.72,41.342,49.058,44.94,46.545
0.469,383.73,40.901,48.935,44.238,46.224
0.471,383.74,40.556,48.73,43.56,45.914
0.473,383.75,40.269,48.419,42.896,45.55
0.475,383.76,39.996,47.998,42.25,45.074
0.477,383.77,39.7,47.482,41.645,44.453
0.479,383.78,39.357,46.897,41.116,43.683
0.481,383.78,38.958,46.264,40.694,42.798
0.483,383.77,38.513,45.604,40.393,41.861
0.485,383.74,38.042,44.925,40.197,40.952
0.487,383.68,37.575,44.232,40.062,40.147
0.489,383.61,37.139,43.531,39.92,39.501
0.491,383.54,36.755,42.828,39.7,39.034
0.493,383.48,36.434,42.136,39.347,38.724
0.495,383.45,36.18,41.475,38.84,38.519
0.497,383.47,35.983,40.863,38.2,38.347
0.499,383.54,35.827,40.317,37.485,38.137
0.501,383.64,35.695,39.849,36.773,37.839
0.503,383.77,35.567,39.46,36.141,37.436
0.505,383.89,35.428,39.145,35.645,36.941
0.507,383.98,35.267,38.886,35.301,36.397
0.509,384.02,35.078,38.663,35.089,35.86
0.511,384.03,34.863,38.449,34.957,35.385
0.513,384,34.624,38.221,34.843,35.013
0.515,383.95,34.367,37.959,34.693,34.768
0.517,383.92,34.093,37.655,34.478,34.648
0.519,383.9,33.801,37.313,34.198,34.632
0.521,383.9,33.488,36.948,33.879,34.681
0.523,383.91,33.152,36.585,33.56,34.746
0.525,383.93,32.795,36.252,33.277,34.768
0.527,383.93,32.427,35.971,33.051,34.687
0.529,383.92,32.068,35.752,32.878,34.456
0.531,383.89,31.741,35.584,32.734,34.051
0.533,383.86,31.472,35.442,32.584,33.483
0.535,383.84,31.274,35.29,32.396,32.812
0.537,383.84,31.147,35.092,32.153,32.139
0.539,383.88,31.07,34.821,31.861,31.591
0.541,383.93,31.01,34.474,31.549,31.295
0.543,384,30.93,34.067,31.255,31.335
0.545,384.08,30.801,33.637,31.021,31.728
0.547,384.14,30.617,33.226,30.87,32.4
0.549,384.18,30.401,32.873,30.805,33.203
0.551,384.22,30.195,32.603,30.804,33.943
0.553,384.26,30.058,32.417,30.828,34.43
0.555,384.32,30.033,32.299,30.833,34.533
0.557,384.39,30.14,32.219,30.785,34.213
0.559,384.48,30.357,32.146,30.667,33.536
0.561,384.56,30.624,32.057,30.485,32.649
0.563,384.63,30.857,31.941,30.263,31.736
0.565,384.65,30.968,31.801,30.034,30.965
0.567,384.63,30.893,31.645,29.828,30.441
0.569,384.56,30.611,31.477,29.661,30.188
0.571,384.47,30.15,31.294,29.536,30.033
0.573,384.37,29.58,31.081,29.438,29.879
0.575,384.3,28.993,30.818,29.345,29.728
0.577,384.27,28.479,30.487,29.236,29.577
0.579,384.29,28.101,30.083,29.098,29.429
0.581,384.36,27.883,29.621,28.932,29.282
0.583,384.45,27.808,29.14,28.748,29.137
0.585,384.53,27.83,28.691,28.565,28.993
0.587,384.6,27.886,28.332,28.4,28.851
0.589,384.64,27.921,28.11,28.264,28.711
0.591,384.65,27.898,28.044,28.157,28.572
0.593,384.66,27.803,28.127,28.065,28.435
0.595,384.67,27.646,28.317,27.973,28.3
0.597,384.7,27.448,28.552,27.863,28.166
0.599,384.76,27.239,28.761,27.724,28.034
0.601,384.85,27.039,28.881,27.557,27.904
0.603,384.93,26.864,28.87,27.375,27.776
0.605,385.01,26.716,28.717,27.198,27.65
0.607,385.06,26.595,28.445,27.046,27.525
0.609,385.09,26.495,28.105,26.932,27.402
0.611,385.1,26.409,27.76,26.859,27.281
0.613,385.12,26.334,27.472,26.814,27.162
0.615,385.15,26.265,27.284,26.777,27.045
0.617,385.21,26.197,27.205,26.719,26.929
0.619,385.29,26.123,27.207,26.619,26.816
0.621,385.39,26.037,27.233,26.46,26.704
0.623,385.47,25.933,27.213,26.243,26.594
0.625,385.51,25.806,27.084,25.979,26.487
0.627,385.49,25.658,26.819,25.689,26.381
0.629,385.42,25.496,26.434,25.396,26.277
0.631,385.32,25.332,25.989,25.125,26.175
0.633,385.21,25.177,25.575,24.896,26.075
0.635,385.13,25.042,25.282,24.725,25.977
0.637,385.12,24.93,25.174,24.621,25.881
0.639,385.18,24.838,25.267,24.593,25.786
0.641,385.33,24.756,25.518,24.639,25.694
0.643,385.52,24.667,25.844,24.75,25.604
0.645,385.74,24.558,26.144,24.904,25.517
0.647,385.93,24.418,26.334,25.062,25.431
0.649,386.08,24.245,26.372,25.172,25.347
0.651,386.15,24.048,26.275,25.176,25.265
0.653,386.16,23.845,26.104,25.025,25.186
0.655,386.12,23.662,25.945,24.696,25.108
0.657,386.05,23.527,25.872,24.2,25.033
0.659,385.98,23.463,25.921,23.596,24.96
0.662,385.94,23.485,26.071,22.973,24.854
0.663,385.94,23.591,26.251,22.439,24.82
0.665,385.97,23.761,26.363,22.093,24.753
0.667,386.03,23.957,26.314,21.993,24.689
0.669,386.1,24.128,26.05,22.147,24.627
0.671,386.17,24.22,25.575,22.5,24.567
0.673,386.24,24.188,24.955,22.957,24.509
0.675,386.3,24.01,24.299,23.402,24.453
0.678,386.37,23.695,23.726,23.733,24.374
0.68,386.46,23.283,23.333,23.886,24.324
0.682,386.56,22.84,23.161,23.849,24.277
0.684,386.68,22.44,23.185,23.653,24.232
0.686,386.81,22.146,23.327,23.359,24.189
0.688,386.91,21.992,23.472,23.031,24.148
0.69,386.98,21.973,23.511,22.717,24.11
0.692,387,22.046,23.369,22.437,24.074
0.694,386.96,22.144,23.033,22.185,24.041
0.696,386.89,22.193,22.551,21.942,24.01
0.698,386.79,22.139,22.023,21.693,23.981
0.7,386.7,21.96,21.566,21.435,23.955
0.702,386.63,21.674,21.281,21.185,24.09
0.704,386.61,21.33,21.225,20.969,23.783
0.706,386.64,20.993,21.392,20.813,23.217
0.708,386.7,20.725,21.718,20.728,22.634
0.71,386.78,20.566,22.098,20.702,22.237
0.712,386.85,20.522,22.417,20.706,22.127
0.714,386.89,20.571,22.584,20.703,22.284
0.716,386.89,20.667,22.555,20.659,22.594
0.718,386.85,20.758,22.342,20.564,22.903
0.72,386.77,20.801,22.007,20.43,23.074
0.722,386.69,20.773,21.637,20.293,23.035
0.724,386.62,20.677,21.316,20.195,22.788
0.726,386.58,20.535,21.105,20.171,22.4
0.728,386.58,20.384,21.021,20.232,21.973
0.73,386.62,20.259,21.04,20.363,21.602
0.732,386.69,20.184,21.11,20.521,21.35
0.734,386.79,20.168,21.175,20.651,21.237
0.736,386.9,20.2,21.191,20.707,21.238
0.738,386.99,20.258,21.144,20.658,21.304
0.74,387.07,20.314,21.05,20.51,21.38
0.742,387.13,20.348,20.949,20.291,21.422
0.744,387.15,20.35,20.881,20.051,21.41
0.746,387.14,20.323,20.875,19.842,21.344
0.748,387.1,20.285,20.937,19.699,21.24
0.75,387.04,20.258,21.044,19.634,21.122
0.752,386.97,20.262,21.155,19.632,21.01
0.754,386.9,20.307,21.229,19.661,20.916
0.756,386.84,20.39,21.234,19.682,20.842
0.758,386.8,20.494,21.164,19.669,20.784
0.76,386.79,20.595,21.036,19.614,20.731
0.762,386.82,20.667,20.886,19.534,20.676
0.764,386.86,20.691,20.754,19.463,20.615
0.766,386.92,20.66,20.672,19.437,20.549
0.768,386.98,20.583,20.656,19.487,20.484
0.77,387.02,20.479,20.701,19.62,20.429
0.772,387.03,20.373,20.784,19.817,20.391
0.774,387.01,20.29,20.879,20.04,20.373
0.776,386.95,20.246,20.956,20.239,20.372
0.778,386.88,20.245,21.001,20.368,20.381
0.78,386.81,20.279,21.008,20.399,20.389
0.782,386.75,20.333,20.981,20.329,20.384
0.784,386.72,20.389,20.931,20.179,20.359
0.786,386.72,20.433,20.868,19.988,20.314
0.788,386.76,20.459,20.801,19.799,20.253
0.79,386.83,20.469,20.733,19.648,20.19
0.792,386.93,20.475,20.663,19.555,20.139
0.794,387.03,20.487,20.591,19.521,20.11
0.796,387.14,20.512,20.518,19.53,20.108
0.798,387.23,20.552,20.447,19.559,20.131
0.8,387.31,20.6,20.384,19.588,20.166
0.802,387.37,20.643,20.335,19.605,20.201
0.804,387.42,20.668,20.306,19.609,20.222
0.806,387.46,20.666,20.304,19.611,20.22
0.808,387.48,20.637,20.331,19.622,20.197
0.81,387.49,20.593,20.385,19.655,20.159
0.812,387.49,20.55,20.461,19.711,20.116
0.814,387.46,20.529,20.549,19.784,20.078
0.816,387.42,20.542,20.633,19.859,20.05
0.818,387.37,20.596,20.698,19.92,20.031
0.82,387.31,20.682,20.727,19.953,20.018
0.822,387.25,20.783,20.711,19.953,20.004
0.824,387.22,20.879,20.653,19.925,19.987
0.826,387.21,20.949,20.567,19.88,19.971
0.828,387.23,20.984,20.481,19.832,19.963
0.83,387.26,20.985,20.428,19.792,19.975
0.832,387.28,20.962,20.437,19.764,20.011
0.834,387.29,20.936,20.523,19.745,20.068
0.836,387.28,20.923,20.681,19.725,20.133
0.838,387.23,20.934,20.881,19.695,20.182
0.84,387.16,20.968,21.082,19.65,20.193
0.842,387.08,21.012,21.238,19.594,20.15
0.844,387.02,21.047,21.318,19.539,20.053
0.846,387,21.051,21.319,19.503,19.918
0.848,387.02,21.011,21.271,19.506,19.777
0.85,387.1,20.927,21.231,19.556,19.667
0.852,387.23,20.811,21.267,19.652,19.619
0.854,387.36,20.688,21.436,19.776,19.65
0.856,387.5,20.585,21.763,19.901,19.756
0.858,387.59,20.527,22.227,19.995,19.915
0.86,387.64,20.523,22.761,20.031,20.094
0.862,387.64,20.569,23.27,20,20.26
0.864,387.59,20.649,23.648,19.905,20.387
0.866,387.53,20.733,23.818,19.77,20.465
0.868,387.47,20.797,23.743,19.628,20.495
0.87,387.45,20.819,23.444,19.513,20.49
0.872,387.48,20.794,22.992,19.45,20.466
0.874,387.56,20.728,22.487,19.45,20.435
0.876,387.67,20.642,22.033,19.506,20.405
0.878,387.79,20.557,21.712,19.597,20.378
0.88,387.9,20.497,21.565,19.695,20.356
0.882,387.96,20.472,21.586,19.774,20.34
0.884,387.98,20.485,21.732,19.817,20.335
0.886,387.95,20.525,21.936,19.817,20.343
0.888,387.88,20.575,22.128,19.78,20.368
0.89,387.81,20.616,22.251,19.717,20.405
0.892,387.75,20.634,22.274,19.642,20.443
0.894,387.74,20.624,22.193,19.567,20.466
0.896,387.77,20.59,22.027,19.498,20.457
0.898,387.84,20.544,21.808,19.437,20.407
0.9,387.93,20.499,21.578,19.383,20.317
0.902,388.02,20.468,21.373,19.338,20.202
0.904,388.07,20.454,21.223,19.303,20.085
0.906,388.07,20.455,21.145,19.284,19.995
0.908,388.03,20.457,21.142,19.284,19.955
0.91,387.94,20.449,21.204,19.304,19.974
0.912,387.83,20.417,21.309,19.34,20.047
0.914,387.72,20.358,21.428,19.382,20.149
0.916,387.65,20.277,21.53,19.416,20.249
0.918,387.63,20.19,21.588,19.43,20.315
0.92,387.66,20.114,21.589,19.419,20.325
0.922,387.75,20.068,21.53,19.381,20.272
0.924,387.89,20.065,21.427,19.328,20.167
0.926,388.05,20.106,21.304,19.272,20.037
0.928,388.23,20.183,21.186,19.229,19.915
0.93,388.4,20.278,21.096,19.211,19.831
0.932,388.55,20.372,21.04,19.223,19.806
0.934,388.67,20.446,21.017,19.262,19.844
0.936,388.75,20.488,21.012,19.321,19.935
0.938,388.8,20.496,21.006,19.391,20.057
0.94,388.81,20.477,20.984,19.462,20.188
0.942,388.8,20.443,20.942,19.53,20.305
0.944,388.78,20.411,20.884,19.59,20.397
0.946,388.75,20.396,20.826,19.642,20.46
0.948,388.75,20.407,20.783,19.686,20.498
0.95,388.77,20.447,20.771,19.721,20.521
0.952,388.81,20.509,20.795,19.746,20.538
0.954,388.88,20.581,20.85,19.758,20.557
0.956,388.95,20.649,20.923,19.758,20.58
0.958,389.01,20.696,21.001,19.748,20.606
0.96,389.03,20.708,21.069,19.732,20.633
0.962,389.02,20.679,21.122,19.716,20.653
0.964,388.96,20.609,21.162,19.709,20.662
0.966,388.88,20.507,21.197,19.717,20.653
0.968,388.78,20.387,21.235,19.745,20.622
0.97,388.7,20.265,21.282,19.791,20.566
0.972,388.67,20.16,21.337,19.854,20.486
0.974,388.69,20.083,21.391,19.923,20.39
0.976,388.77,20.042,21.435,19.99,20.293
0.978,388.91,20.039,21.456,20.042,20.216
0.98,389.07,20.069,21.448,20.07,20.178
0.982,389.23,20.123,21.412,20.067,20.197
0.984,389.37,20.189,21.356,20.032,20.276
0.986,389.47,20.254,21.29,19.97,20.402
0.988,389.52,20.309,21.23,19.891,20.545
0.99,389.54,20.345,21.187,19.808,20.663
0.992,389.53,20.359,21.167,19.733,20.712
0.994,389.5,20.35,21.173,19.678,20.66
0.996,389.48,20.32,21.201,19.645,20.496
0.998,389.45,20.274,21.246,19.633,20.237
1,389.43,20.221,21.3,19.633,19.923
