0.001, 79.449, 2.987, 2.951, 3.058, 2.843
0.003, 79.529, 2.951, 2.843, 3.004, 3.004
0.005, 79.570, 2.987, 3.022, 3.058, 2.700
0.007, 79.449, 3.040, 3.022, 2.825, 3.166
0.009, 79.408, 2.933, 3.022, 3.094, 2.897
0.011, 79.529, 2.915, 3.040, 2.987, 2.987
0.013, 79.247, 2.807, 2.969, 2.987, 3.058
0.015, 79.449, 2.969, 2.342, 3.184, 2.987
0.017, 79.570, 2.969, 2.969, 3.040, 2.987
0.019, 79.288, 2.951, 2.987, 3.058, 2.915
0.021, 74.694, 2.843, 3.739, 4.491, 2.879
0.023, 75.500, 2.897, 4.151, 5.082, 2.807
0.025, 76.669, 2.736, 5.100, 5.959, 3.004
0.027, 77.998, 2.969, 6.013, 7.464, 2.987
0.029, 76.427, 2.897, 7.231, 8.610, 2.969
0.031, 74.412, 2.736, 7.965, 9.595, 2.807
0.033, 74.412, 2.969, 9.039, 10.991, 2.879
0.035, 74.694, 3.004, 10.562, 12.675, 3.040
0.037, 75.822, 2.772, 12.317, 14.251, 2.969
0.039, 74.896, 2.861, 13.427, 16.221, 3.076
0.041, 69.778, 4.061, 14.627, 16.883, 3.363
0.043, 69.375, 4.294, 16.095, 18.405, 4.777
0.045, 71.471, 5.422, 17.582, 19.892, 5.386
0.047, 72.075, 6.210, 18.853, 21.450, 5.601
0.049, 71.189, 7.589, 19.641, 21.808, 6.676
0.051, 68.368, 7.983, 20.859, 23.151, 7.947
0.053, 67.401, 9.433, 22.453, 24.440, 8.789
0.055, 68.247, 10.669, 23.473, 25.837, 9.648
0.057, 68.449, 12.478, 24.154, 26.339, 11.153
0.059, 67.965, 13.946, 25.246, 27.431, 12.460
0.061, 66.233, 14.877, 26.464, 28.559, 14.072
0.063, 64.339, 16.579, 27.825, 29.741, 14.716
0.065, 65.588, 18.101, 28.255, 30.332, 16.149
0.067, 66.313, 19.408, 29.204, 31.353, 17.635
0.069, 64.943, 20.357, 30.296, 32.212, 18.943
0.071, 64.016, 22.166, 31.335, 32.965, 20.160
0.073, 63.090, 23.205, 31.980, 34.003, 21.020
0.075, 63.251, 24.208, 32.374, 34.523, 22.184
0.077, 62.969, 24.548, 33.520, 35.346, 23.402
0.079, 62.445, 25.049, 34.236, 36.098, 24.655
0.081, 61.881, 27.252, 35.203, 37.030, 25.264
0.083, 61.478, 28.846, 35.669, 37.728, 26.500
0.085, 61.720, 29.419, 36.421, 38.104, 27.467
0.087, 61.196, 30.565, 37.263, 38.749, 28.720
0.089, 60.229, 31.514, 37.800, 39.394, 29.061
0.091, 59.947, 32.606, 38.212, 40.182, 30.171
0.093, 59.947, 33.215, 38.821, 40.182, 31.031
0.095, 59.504, 34.057, 39.501, 40.790, 32.069
0.097, 59.060, 34.791, 40.235, 41.202, 32.624
0.099, 58.738, 35.669, 40.325, 41.381, 32.714
0.101, 58.375, 36.045, 40.826, 41.990, 34.218
0.103, 58.214, 36.725, 41.220, 42.438, 35.042
0.105, 57.811, 37.012, 41.829, 42.456, 35.848
0.107, 57.449, 36.654, 42.008, 43.047, 36.260
0.109, 56.965, 36.689, 42.510, 43.441, 36.976
0.111, 56.804, 37.209, 43.208, 43.709, 37.585
0.113, 56.643, 37.603, 43.280, 44.121, 38.409
0.115, 56.119, 38.373, 43.781, 44.390, 38.588
0.117, 55.998, 35.436, 43.727, 44.551, 39.322
0.119, 55.837, 42.008, 44.103, 44.999, 39.823
0.121, 55.716, 42.456, 44.533, 45.339, 40.414
0.123, 55.998, 42.742, 44.748, 45.232, 40.611
0.125, 56.200, 43.154, 44.390, 44.927, 41.220
0.127, 55.112, 43.405, 43.763, 44.157, 41.757
0.129, 54.951, 44.032, 43.298, 43.602, 42.313
0.131, 55.112, 44.444, 43.101, 43.047, 42.724
0.133, 55.313, 44.641, 42.527, 42.886, 43.029
0.135, 55.112, 44.927, 41.990, 42.330, 43.495
0.137, 54.709, 45.088, 41.829, 42.330, 43.924
0.139, 54.467, 45.482, 41.757, 42.563, 44.157
0.141, 54.548, 45.661, 41.937, 42.366, 44.282
0.143, 55.152, 45.661, 42.026, 42.635, 44.569
0.145, 56.200, 45.214, 42.098, 42.527, 44.444
0.147, 54.467, 44.426, 41.937, 42.617, 43.620
0.149, 53.621, 43.817, 41.811, 42.169, 43.172
0.151, 55.071, 43.047, 41.292, 41.793, 42.402
0.153, 55.918, 42.277, 40.952, 41.560, 41.937
0.155, 55.353, 41.704, 40.934, 41.131, 41.274
0.157, 54.386, 41.525, 40.486, 40.916, 41.041
0.159, 54.709, 41.059, 40.432, 40.934, 40.987
0.161, 55.555, 39.680, 40.432, 41.184, 41.077
0.163, 55.515, 40.629, 40.486, 41.220, 41.005
0.165, 55.515, 40.414, 40.450, 41.399, 40.808
0.167, 55.071, 40.271, 40.414, 41.256, 40.396
0.169, 54.467, 39.770, 40.450, 41.059, 40.396
0.171, 55.112, 39.232, 40.343, 41.113, 39.877
0.173, 55.958, 38.928, 40.164, 40.701, 39.483
0.175, 55.595, 39.232, 39.949, 40.719, 39.268
0.177, 55.112, 39.035, 39.644, 40.522, 38.856
0.179, 54.789, 38.713, 39.358, 40.396, 38.480
0.181, 55.112, 38.301, 39.394, 40.325, 38.409
0.183, 55.515, 38.283, 39.358, 40.432, 38.444
0.185, 55.192, 38.194, 39.340, 40.396, 38.409
0.187, 54.830, 38.140, 39.465, 40.558, 38.301
0.189, 54.709, 37.477, 39.429, 40.522, 37.979
0.191, 55.353, 37.477, 39.447, 40.432, 37.818
0.193, 55.676, 36.779, 39.358, 40.271, 37.639
0.195, 54.991, 36.672, 39.197, 40.164, 37.388
0.197, 54.910, 36.242, 39.089, 40.199, 36.958
0.199, 55.152, 36.063, 39.035, 40.074, 36.689
0.201, 55.474, 35.919, 38.982, 40.092, 37.012
0.203, 55.313, 35.633, 38.821, 40.002, 34.326
0.205, 55.192, 36.492, 38.641, 40.110, 34.505
0.207, 55.313, 36.672, 38.946, 39.859, 35.830
0.209, 55.192, 36.618, 38.534, 40.056, 35.078
0.211, 55.474, 36.331, 38.892, 40.164, 36.349
0.213, 55.192, 36.349, 38.803, 40.092, 35.615
0.215, 55.273, 36.242, 38.946, 40.056, 35.848
0.217, 55.353, 35.866, 38.910, 40.038, 35.382
0.219, 55.515, 35.812, 38.803, 39.967, 33.412
0.221, 55.353, 36.278, 38.785, 39.967, 35.275
0.223, 55.313, 36.815, 38.892, 39.931, 35.436
0.225, 55.394, 36.725, 38.785, 39.805, 35.418
0.227, 55.353, 36.492, 38.821, 39.788, 35.687
0.229, 55.233, 36.958, 38.946, 39.841, 35.579
0.231, 55.918, 35.382, 38.247, 39.895, 35.060
0.233, 55.233, 35.525, 38.695, 39.752, 34.254
0.235, 55.273, 67.778, 38.838, 39.859, 34.594
0.237, 55.394, 67.778, 38.892, 39.770, 34.917
0.239, 55.313, 67.778, 38.427, 39.608, 34.523
0.241, 55.474, 36.063, 38.767, 39.698, 35.221
0.243, 55.273, 35.973, 38.767, 39.465, 35.114
0.245, 55.394, 36.098, 38.910, 39.573, 35.149
0.247, 55.474, 34.236, 38.624, 39.788, 35.275
0.249, 55.434, 36.367, 38.749, 39.608, 35.024
0.251, 55.434, 36.188, 38.731, 39.644, 35.006
0.253, 55.434, 36.349, 38.838, 39.716, 35.078
0.255, 55.555, 36.152, 38.767, 39.716, 34.863
0.257, 55.595, 36.295, 37.853, 39.698, 34.934
0.259, 55.515, 35.973, 38.731, 39.680, 34.934
0.261, 55.434, 36.098, 38.874, 39.752, 34.845
0.263, 55.515, 35.884, 38.641, 39.519, 34.702
0.265, 55.595, 36.242, 38.659, 39.519, 34.934
0.267, 55.555, 35.973, 38.624, 39.537, 34.737
0.269, 55.434, 36.027, 38.552, 39.537, 34.594
0.271, 55.595, 35.902, 39.018, 39.197, 34.702
0.273, 55.434, 35.830, 38.552, 39.555, 34.881
0.275, 55.595, 35.848, 38.015, 39.644, 34.791
0.277, 55.515, 35.830, 38.731, 39.591, 34.899
0.279, 55.555, 35.848, 38.928, 39.608, 34.917
0.281, 55.555, 35.776, 38.982, 39.394, 34.881
0.283, 55.555, 34.290, 39.000, 39.626, 34.684
0.285, 55.676, 34.164, 38.821, 39.573, 34.863
0.287, 55.595, 35.472, 38.659, 39.447, 34.845
0.289, 55.555, 35.615, 38.695, 39.537, 34.791
0.291, 55.555, 35.311, 38.534, 39.125, 34.809
0.293, 55.474, 34.952, 38.462, 39.411, 34.827
0.295, 55.636, 35.579, 38.444, 39.501, 35.275
0.297, 55.595, 35.973, 38.355, 39.465, 40.432
0.299, 55.555, 35.919, 38.194, 39.465, 37.191
0.301, 55.636, 35.937, 38.391, 39.501, 36.833
0.303, 55.555, 35.758, 38.283, 39.447, 34.863
0.305, 55.434, 35.776, 37.477, 39.358, 33.090
0.307, 55.474, 35.955, 38.337, 39.429, 33.036
0.309, 55.515, 35.812, 38.265, 39.429, 38.803
0.311, 55.595, 35.687, 38.158, 39.358, 34.737
0.313, 55.192, 35.812, 38.230, 39.394, 34.809
0.315, 55.555, 35.794, 38.104, 39.376, 34.684
0.317, 55.837, 35.812, 38.140, 39.358, 34.702
0.319, 55.555, 35.848, 38.086, 39.411, 34.702
0.321, 55.152, 35.902, 37.961, 39.358, 34.648
0.323, 54.104, 35.722, 38.050, 39.411, 34.540
0.325, 56.401, 34.469, 37.227, 38.444, 33.609
0.327, 55.112, 33.054, 36.457, 36.457, 32.463
0.329, 54.749, 32.445, 35.167, 36.278, 31.872
0.331, 54.346, 31.031, 34.129, 35.024, 30.601
0.333, 55.112, 29.705, 33.162, 33.717, 28.899
0.335, 55.877, 28.917, 32.069, 32.732, 28.344
0.337, 55.353, 28.398, 31.908, 32.481, 27.753
0.339, 55.071, 27.861, 31.066, 30.010, 27.718
0.341, 54.749, 26.786, 30.081, 30.135, 26.751
0.343, 55.112, 26.285, 29.168, 29.419, 25.909
0.345, 56.159, 25.730, 28.523, 28.953, 25.712
0.347, 56.119, 24.816, 27.485, 28.219, 25.067
0.349, 54.467, 24.118, 26.554, 27.091, 24.548
0.351, 54.346, 23.903, 25.533, 26.303, 22.184
0.353, 55.837, 22.900, 25.354, 25.980, 23.133
0.355, 55.636, 22.381, 24.494, 25.228, 23.402
0.357, 55.394, 22.363, 24.243, 24.422, 22.703
0.359, 54.870, 20.912, 23.258, 23.724, 22.041
0.361, 55.353, 21.647, 22.488, 24.208, 22.238
0.363, 55.837, 19.910, 22.238, 22.650, 20.286
0.365, 55.474, 19.354, 21.593, 21.880, 19.802
0.367, 55.555, 18.746, 20.859, 21.342, 19.175
0.369, 55.192, 18.387, 20.268, 20.465, 18.817
0.371, 55.555, 17.886, 19.874, 20.125, 18.423
0.373, 55.918, 17.295, 19.247, 19.623, 17.976
0.375, 55.555, 16.740, 18.674, 19.068, 17.295
0.377, 55.474, 15.451, 18.101, 18.459, 16.919
0.379, 55.515, 15.880, 17.904, 18.262, 16.310
0.381, 55.434, 15.379, 17.313, 17.689, 16.113
0.383, 55.636, 15.003, 15.612, 17.080, 15.397
0.385, 55.434, 14.663, 16.328, 16.615, 15.343
0.387, 55.555, 14.358, 16.185, 16.453, 14.877
0.389, 55.515, 13.713, 15.665, 15.952, 14.663
0.391, 55.676, 13.373, 15.397, 15.379, 14.215
0.393, 55.595, 12.872, 15.845, 14.985, 13.803
0.395, 55.273, 12.729, 14.394, 14.824, 13.391
0.397, 55.515, 12.281, 14.072, 14.287, 13.248
0.399, 55.636, 11.941, 13.588, 13.875, 11.797
0.401, 55.676, 11.600, 13.230, 13.427, 12.532
0.403, 55.595, 11.332, 13.015, 13.212, 12.281
0.405, 55.555, 11.063, 12.800, 12.800, 12.227
0.407, 55.555, 10.687, 12.352, 12.549, 11.851
0.409, 55.555, 10.400, 12.012, 12.102, 11.565
0.411, 55.595, 10.239, 11.797, 11.958, 11.278
0.413, 55.394, 10.078, 11.475, 11.708, 10.920
0.415, 55.394, 9.792, 11.153, 11.260, 10.777
0.417, 55.595, 9.469, 10.866, 10.848, 10.544
0.419, 55.676, 9.344, 10.580, 10.490, 10.150
0.421, 55.313, 9.183, 10.472, 10.562, 9.953
0.423, 55.353, 8.771, 10.168, 10.812, 9.810
0.425, 55.474, 8.735, 9.917, 10.221, 9.738
0.427, 55.716, 8.717, 9.523, 9.666, 9.362
0.429, 55.595, 8.449, 9.523, 9.577, 9.111
0.431, 55.595, 8.377, 9.290, 9.290, 9.111
0.433, 55.515, 8.072, 9.057, 9.039, 8.019
0.435, 55.595, 8.055, 8.950, 8.842, 8.663
0.437, 55.595, 7.822, 8.735, 8.789, 8.556
0.439, 55.636, 7.840, 8.574, 8.592, 8.431
0.441, 55.636, 7.625, 8.341, 8.198, 8.198
0.443, 55.756, 7.589, 8.252, 8.198, 8.144
0.445, 55.797, 7.374, 8.108, 8.037, 8.019
0.447, 55.716, 7.284, 7.911, 7.929, 7.875
0.449, 55.676, 6.998, 7.732, 7.750, 7.750
0.451, 55.716, 6.962, 7.553, 7.571, 7.571
0.453, 55.676, 6.855, 7.625, 7.302, 7.643
0.455, 55.636, 6.676, 7.535, 7.661, 7.284
0.457, 55.716, 6.658, 7.231, 7.141, 7.249
0.459, 55.676, 6.461, 7.213, 6.926, 7.123
0.461, 55.716, 6.461, 7.141, 6.873, 6.962
0.463, 55.636, 5.870, 6.891, 6.819, 6.873
0.465, 55.716, 6.138, 6.944, 6.640, 6.873
0.467, 55.555, 5.995, 7.589, 6.550, 6.729
0.469, 55.636, 5.923, 7.123, 6.264, 6.729
0.471, 55.676, 5.906, 7.231, 6.282, 6.676
0.473, 55.636, 5.870, 6.729, 6.228, 6.389
0.475, 55.676, 5.888, 6.944, 6.156, 6.461
0.477, 55.756, 5.691, 6.891, 6.192, 6.801
0.479, 55.636, 5.655, 6.747, 5.977, 6.264
0.481, 55.676, 5.619, 6.658, 5.977, 6.138
0.483, 55.515, 5.637, 6.694, 5.726, 6.174
0.485, 55.716, 5.530, 6.658, 5.762, 5.852
0.487, 55.676, 5.530, 6.425, 5.619, 5.780
0.489, 55.595, 5.243, 6.264, 5.655, 5.709
0.491, 55.676, 5.333, 6.174, 6.389, 5.691
0.493, 55.716, 5.350, 6.120, 5.565, 5.673
0.495, 55.515, 5.243, 5.923, 5.530, 5.601
0.497, 55.595, 5.243, 5.906, 5.530, 5.530
0.499, 55.676, 5.189, 5.888, 5.386, 5.458
0.501, 55.636, 5.118, 5.870, 5.333, 5.512
0.503, 55.555, 5.225, 5.762, 5.225, 5.422
0.505, 55.756, 5.153, 5.637, 5.207, 5.440
0.507, 55.676, 5.046, 5.637, 5.189, 5.368
0.509, 55.716, 4.992, 5.494, 4.974, 5.279
0.511, 55.756, 4.974, 5.619, 5.064, 4.777
0.513, 55.676, 5.530, 5.637, 5.153, 5.189
0.515, 55.716, 4.831, 5.458, 5.046, 4.777
0.517, 55.555, 4.688, 5.440, 4.974, 5.368
0.519, 55.756, 4.903, 5.404, 4.956, 5.082
0.521, 55.636, 4.921, 5.315, 4.867, 5.064
0.523, 55.676, 4.849, 5.386, 4.813, 4.992
0.525, 55.676, 4.813, 5.207, 4.921, 4.956
0.527, 55.756, 4.795, 5.368, 4.795, 5.046
0.529, 55.716, 4.276, 5.207, 4.813, 4.956
0.531, 55.636, 4.724, 5.010, 4.652, 4.921
0.533, 55.676, 4.742, 4.974, 4.724, 4.921
0.535, 55.636, 4.652, 5.153, 4.777, 4.509
0.537, 55.756, 4.401, 5.315, 4.527, 4.849
0.539, 55.515, 4.401, 5.046, 4.724, 4.616
0.541, 55.756, 4.455, 4.939, 4.616, 4.724
0.543, 55.716, 4.437, 5.028, 4.562, 4.634
0.545, 55.676, 4.509, 4.795, 4.455, 4.509
0.547, 55.797, 4.545, 4.383, 4.383, 4.634
0.549, 55.676, 4.455, 5.637, 4.491, 4.562
0.551, 55.797, 4.437, 4.276, 4.491, 4.312
0.553, 55.676, 4.276, 4.545, 4.419, 5.530
0.555, 55.676, 4.294, 4.759, 4.509, 5.476
0.557, 55.756, 4.401, 4.742, 4.580, 5.243
0.559, 55.756, 4.348, 4.759, 4.437, 4.598
0.561, 55.797, 4.330, 4.598, 4.365, 4.509
0.563, 55.877, 4.759, 4.580, 4.401, 4.401
0.565, 55.837, 4.312, 4.652, 4.240, 4.455
0.567, 55.636, 4.276, 4.670, 4.365, 4.527
0.569, 55.716, 4.992, 4.401, 4.294, 4.401
0.571, 55.837, 4.240, 4.545, 4.401, 4.455
0.573, 55.837, 4.115, 4.562, 4.240, 4.419
0.575, 55.676, 4.151, 4.598, 4.240, 4.419
0.577, 55.797, 4.133, 4.133, 4.222, 4.348
0.579, 55.676, 4.115, 4.401, 4.204, 4.509
0.581, 55.676, 4.007, 4.491, 4.204, 4.455
0.583, 55.837, 4.043, 4.348, 4.222, 4.330
0.585, 55.676, 4.133, 4.186, 4.079, 4.365
0.587, 55.877, 4.079, 3.864, 4.079, 4.294
0.589, 55.797, 4.025, 3.864, 4.204, 4.330
0.591, 55.797, 4.079, 4.097, 4.061, 4.383
0.593, 55.837, 3.936, 4.312, 4.079, 4.330
0.595, 55.756, 3.900, 4.222, 4.007, 4.383
0.597, 55.756, 3.989, 4.151, 4.043, 4.168
0.599, 55.676, 4.079, 4.079, 4.043, 4.168
0.601, 55.877, 3.972, 4.168, 3.900, 3.685
0.603, 55.918, 3.900, 4.061, 4.151, 3.954
0.605, 55.877, 3.810, 4.240, 3.900, 4.025
0.607, 55.877, 3.775, 4.079, 3.918, 4.007
0.609, 55.756, 3.954, 4.079, 3.846, 4.061
0.611, 55.837, 3.792, 4.133, 3.900, 4.115
0.613, 55.877, 3.846, 3.900, 3.846, 4.079
0.615, 55.877, 3.775, 4.079, 3.936, 4.061
0.617, 55.877, 3.810, 4.061, 4.885, 4.025
0.619, 55.877, 3.739, 3.846, 3.864, 4.079
0.621, 55.837, 3.846, 3.757, 3.846, 4.061
0.623, 55.958, 3.757, 3.900, 3.757, 4.025
0.625, 55.918, 3.757, 3.954, 3.792, 4.151
0.627, 55.877, 3.685, 3.936, 3.739, 4.473
0.629, 55.998, 3.703, 3.900, 3.613, 4.312
0.631, 55.837, 3.649, 3.864, 3.667, 4.043
0.633, 55.837, 3.667, 3.846, 3.667, 4.616
0.635, 55.837, 3.685, 3.739, 3.703, 4.670
0.637, 55.877, 3.613, 3.237, 3.327, 9.881
0.639, 55.918, 3.542, 3.488, 3.542, 6.371
0.641, 55.837, 3.578, 3.864, 3.685, 6.443
0.643, 55.918, 3.613, 3.882, 3.631, 8.431
0.645, 55.918, 3.506, 3.846, 3.649, 4.330
0.647, 56.079, 3.631, 3.810, 3.631, 4.598
0.649, 55.958, 3.524, 3.810, 3.685, 4.974
0.651, 55.958, 3.506, 3.900, 3.578, 6.497
0.653, 55.998, 3.381, 3.685, 3.506, 18.423
0.655, 55.958, 3.434, 3.739, 3.470, 7.768
0.657, 56.119, 3.398, 3.775, 3.578, 7.177
0.659, 56.038, 3.452, 3.757, 3.631, 7.249
0.662, 55.877, 3.309, 3.578, 3.506, 6.371
0.663, 55.918, 3.470, 3.613, 3.255, 4.186
0.665, 55.918, 3.255, 4.616, 2.825, 5.297
0.667, 56.079, 4.133, 3.578, 3.255, 6.282
0.669, 56.079, 3.291, 3.631, 3.273, 6.031
0.671, 56.038, 3.273, 3.649, 3.273, 6.532
0.673, 55.918, 3.201, 3.524, 3.345, 6.461
0.675, 56.038, 3.255, 3.542, 3.219, 5.923
0.678, 55.998, 4.276, 3.613, 3.363, 6.174
0.680, 56.079, 3.291, 3.398, 3.972, 8.449
0.682, 56.119, 3.201, 3.524, 3.381, 4.222
0.684, 56.038, 3.255, 2.933, 3.381, 3.757
0.686, 56.119, 3.201, 3.452, 3.273, 3.524
0.688, 56.159, 3.058, 3.560, 3.273, 3.631
0.690, 56.038, 2.951, 3.416, 3.201, 3.560
0.692, 56.119, 3.184, 3.327, 3.184, 3.506
0.694, 56.159, 3.739, 3.398, 3.076, 3.524
0.696, 56.200, 3.166, 3.327, 3.810, 3.470
0.698, 56.079, 3.058, 3.255, 3.166, 2.969
0.700, 55.998, 3.184, 2.682, 3.166, 3.345
0.702, 56.079, 3.130, 3.327, 2.485, 3.434
0.704, 56.119, 3.022, 3.255, 3.094, 3.345
0.706, 56.079, 3.076, 3.094, 3.112, 3.327
0.708, 56.038, 2.969, 3.040, 3.094, 3.291
0.710, 56.159, 3.022, 3.184, 3.022, 3.381
0.712, 56.079, 3.112, 3.166, 3.022, 3.237
0.714, 56.119, 2.843, 3.148, 2.987, 3.237
0.716, 56.119, 3.022, 3.792, 2.987, 3.201
0.718, 56.119, 3.076, 3.004, 2.969, 3.649
0.720, 56.079, 2.969, 3.130, 1.679, 3.219
0.722, 56.038, 2.969, 3.112, 2.951, 3.166
0.724, 56.159, 3.004, 3.148, 2.915, 3.273
0.726, 56.038, 2.969, 3.058, 3.040, 3.184
0.728, 56.079, 3.058, 3.076, 2.754, 3.184
0.730, 55.998, 2.879, 2.843, 3.004, 3.255
0.732, 56.119, 2.933, 3.094, 2.933, 3.130
0.734, 56.159, 2.915, 3.327, 3.040, 3.094
0.736, 56.079, 2.915, 3.058, 3.058, 3.112
0.738, 56.159, 2.933, 3.022, 2.414, 3.058
0.740, 56.119, 2.969, 2.933, 2.969, 3.112
0.742, 56.159, 2.951, 3.667, 2.843, 3.076
0.744, 56.079, 2.951, 3.148, 2.933, 3.022
0.746, 56.200, 2.969, 2.987, 2.951, 3.076
0.748, 56.119, 2.951, 2.987, 2.718, 3.667
0.750, 56.159, 2.897, 3.022, 2.879, 3.112
0.752, 56.159, 2.915, 3.004, 2.915, 3.184
0.754, 56.079, 2.933, 3.775, 2.843, 2.969
0.756, 56.159, 3.058, 3.291, 2.897, 2.987
0.758, 56.079, 2.915, 3.040, 2.790, 3.004
0.760, 55.998, 3.004, 2.933, 2.825, 3.004
0.762, 56.119, 3.004, 2.987, 2.897, 2.897
0.764, 56.240, 2.933, 3.004, 2.772, 3.076
0.766, 56.038, 3.004, 2.987, 2.843, 3.022
0.768, 56.119, 3.058, 2.951, 2.825, 2.951
0.770, 56.119, 2.969, 3.076, 2.879, 3.004
0.772, 56.240, 2.933, 3.022, 2.807, 2.915
0.774, 56.079, 2.951, 3.219, 2.915, 2.951
0.776, 56.038, 2.915, 2.843, 2.861, 2.933
0.778, 56.119, 2.861, 3.112, 3.094, 2.951
0.780, 56.200, 3.004, 2.969, 1.697, 2.557
0.782, 56.038, 3.022, 3.022, 2.879, 2.987
0.784, 56.079, 2.915, 3.076, 2.163, 2.951
0.786, 56.119, 2.969, 3.022, 2.933, 2.915
0.788, 56.159, 2.933, 2.951, 2.861, 2.915
0.790, 56.038, 2.897, 3.094, 2.861, 2.969
0.792, 56.038, 3.112, 3.166, 2.754, 2.933
0.794, 56.159, 2.933, 2.807, 2.861, 2.933
0.796, 56.200, 2.969, 2.790, 2.861, 2.736
0.798, 56.200, 2.987, 2.897, 2.700, 2.861
0.800, 56.159, 2.969, 2.915, 2.664, 2.951
0.802, 56.159, 2.933, 2.700, 2.861, 2.772
0.804, 56.200, 3.004, 3.022, 2.790, 2.951
0.806, 56.200, 3.094, 2.951, 2.700, 2.843
0.808, 56.159, 2.987, 2.897, 2.843, 3.004
0.810, 56.200, 2.987, 2.987, 2.861, 2.951
0.812, 56.240, 3.255, 2.969, 2.431, 2.933
0.814, 56.200, 2.933, 3.004, 2.897, 2.897
0.816, 56.200, 2.969, 2.969, 2.879, 2.861
0.818, 56.159, 3.022, 2.969, 3.703, 3.327
0.820, 56.119, 3.022, 2.987, 2.861, 2.897
0.822, 56.280, 3.004, 3.058, 2.915, 2.951
0.824, 56.119, 3.022, 2.951, 2.879, 2.861
0.826, 56.159, 3.040, 2.987, 2.933, 2.969
0.828, 56.119, 3.040, 3.022, 2.861, 2.915
0.830, 56.200, 3.022, 2.969, 2.861, 2.897
0.832, 56.119, 3.076, 2.951, 2.861, 2.879
0.834, 56.240, 3.040, 2.933, 2.843, 2.861
0.836, 56.159, 3.004, 3.058, 2.861, 2.915
0.838, 56.240, 3.058, 3.022, 2.879, 2.879
0.840, 56.038, 3.058, 3.040, 2.843, 2.969
0.842, 56.119, 3.040, 3.022, 2.843, 2.951
0.844, 56.159, 2.987, 3.076, 2.861, 2.933
0.846, 56.200, 3.058, 3.989, 2.825, 2.915
0.848, 56.079, 3.094, 3.112, 2.825, 2.879
0.850, 56.200, 3.022, 3.219, 2.790, 2.843
0.852, 56.119, 3.076, 3.130, 2.879, 2.682
0.854, 56.119, 3.040, 3.040, 2.861, 2.628
0.856, 56.240, 2.915, 2.127, 2.933, 2.790
0.858, 56.240, 2.879, 3.094, 2.825, 2.915
0.860, 56.240, 2.987, 3.381, 2.897, 2.987
0.862, 56.280, 3.058, 3.398, 2.933, 2.987
0.864, 56.119, 3.022, 3.488, 3.004, 3.004
0.866, 56.200, 3.004, 3.542, 2.754, 3.004
0.868, 56.159, 3.004, 3.578, 2.861, 2.843
0.870, 56.240, 2.807, 3.291, 2.807, 3.792
0.872, 56.280, 3.004, 3.416, 2.843, 3.004
0.874, 56.159, 3.040, 3.363, 2.807, 2.861
0.876, 56.280, 2.951, 2.969, 2.825, 3.058
0.878, 56.159, 2.969, 4.204, 2.682, 2.987
0.880, 56.200, 3.004, 3.201, 2.861, 3.022
0.882, 56.361, 3.004, 3.201, 2.915, 2.933
0.884, 56.240, 3.004, 3.309, 2.843, 2.897
0.886, 56.280, 2.861, 3.076, 2.897, 2.987
0.888, 56.321, 2.969, 3.148, 2.843, 2.897
0.890, 56.240, 3.112, 3.184, 2.593, 2.879
0.892, 56.159, 2.951, 3.345, 2.861, 3.004
0.894, 56.280, 2.772, 3.184, 2.807, 3.004
0.896, 56.200, 2.987, 3.201, 2.843, 3.022
0.898, 56.280, 2.969, 3.076, 2.843, 2.987
0.900, 56.200, 2.987, 3.094, 2.772, 2.933
0.902, 56.321, 3.004, 3.166, 2.807, 2.897
0.904, 56.361, 2.718, 3.076, 3.345, 2.825
0.906, 56.280, 2.933, 3.237, 2.861, 3.309
0.908, 56.280, 2.951, 3.112, 2.736, 2.987
0.910, 56.200, 2.933, 2.861, 2.772, 2.915
0.912, 56.200, 2.987, 3.022, 2.772, 2.843
0.914, 56.240, 2.969, 3.130, 2.790, 2.987
0.916, 56.280, 2.987, 3.130, 2.861, 2.897
0.918, 56.280, 2.951, 3.201, 2.593, 3.667
0.920, 56.200, 2.897, 3.201, 2.807, 2.897
0.922, 56.240, 2.897, 3.076, 2.897, 3.076
0.924, 56.159, 2.772, 3.166, 2.772, 2.915
0.926, 56.361, 2.915, 4.348, 2.790, 2.969
0.928, 56.280, 3.058, 2.951, 2.736, 2.807
0.930, 56.321, 3.022, 4.258, 2.700, 2.790
0.932, 56.401, 2.915, 3.130, 2.790, 2.933
0.934, 56.401, 2.879, 3.112, 2.897, 2.861
0.936, 56.401, 3.040, 3.022, 3.828, 3.381
0.938, 56.200, 2.843, 3.040, 2.825, 2.951
0.940, 56.522, 3.022, 2.951, 2.700, 2.897
0.942, 56.401, 2.199, 3.112, 2.897, 2.969
0.944, 56.361, 2.987, 3.076, 2.736, 3.004
0.946, 56.361, 2.951, 2.969, 2.897, 2.897
0.948, 56.482, 2.915, 3.040, 2.879, 2.951
0.950, 56.321, 2.467, 3.076, 2.879, 2.969
0.952, 56.441, 3.022, 2.897, 2.825, 2.969
0.954, 56.280, 2.915, 2.933, 2.879, 3.058
0.956, 56.482, 3.004, 3.094, 2.897, 2.987
0.958, 56.401, 3.040, 3.112, 2.879, 2.951
0.960, 56.482, 3.004, 3.166, 3.130, 3.004
0.962, 56.401, 3.076, 3.076, 2.807, 2.969
0.964, 56.361, 2.807, 2.915, 2.879, 3.613
0.966, 56.401, 3.022, 3.058, 2.843, 3.022
0.968, 56.482, 3.040, 3.076, 2.897, 3.076
0.970, 56.482, 2.897, 3.094, 2.879, 2.933
0.972, 56.119, 2.969, 3.148, 2.915, 2.933
0.974, 56.361, 2.933, 3.148, 2.396, 2.861
0.976, 56.482, 2.790, 3.094, 2.843, 2.969
0.978, 56.441, 2.897, 3.022, 2.897, 3.004
0.980, 56.482, 2.396, 3.112, 2.951, 3.219
0.982, 56.401, 2.969, 3.184, 2.718, 2.969
0.984, 56.441, 3.004, 2.557, 2.861, 2.861
0.986, 56.441, 2.933, 3.058, 2.969, 2.933
0.988, 56.482, 2.772, 3.040, 2.861, 3.004
0.990, 56.603, 3.004, 3.004, 2.879, 2.879
0.992, 56.562, 2.969, 3.112, 2.861, 3.004
0.994, 56.361, 2.969, 3.112, 2.754, 3.040
0.996, 56.522, 3.524, 3.112, 2.825, 3.022
0.998, 56.441, 2.951, 3.022, 2.879, 3.058
1.000, 56.482, 2.933, 3.076, 2.843, 2.879
