x1, x2, x3, x4, x5, x6, x7, x8, x9, x10, y1, y2, y3, y4, y5, y6, y7, y8, y9, y10
797,780.72,797.11,834,906.5,1008.6,1080.4,1116.1,1130.8,1113.6,832.39,769.77,765.6,822.5,874.79,873.52,819.59,763,766.79,828.41
797.29,781,797.55,834.36,906.38,1008.8,1080.2,1116.4,1130.6,1113.6,832.71,769.9,765.55,822.32,874.86,873.5,819.67,762.93,766.91,828.43
797.29,781,797.54,834.38,906.27,1008.8,1080.2,1116.4,1130.6,1113.6,832.71,769.9,765.57,822.43,874.82,873.5,819.67,762.93,766.91,828.43
797.39,780.91,797.74,834.5,906.27,1008.8,1080.2,1116.5,1130.7,1113.9,832.65,770.03,765.51,822.5,874.82,873.5,819.67,763.21,767,828.42
797.39,780.91,797.74,834.27,906.38,1008.8,1080.2,1116.5,1130.7,1113.8,832.65,770.03,765.51,822.18,874.86,873.5,819.67,763.21,767,828.45
797.29,780.91,797.44,834.29,906.5,1008.7,1080.3,1116.4,1130.7,1114,832.71,770.03,765.56,822.24,874.8,873.41,819.6,762.93,767,828.5
797.29,780.91,797.44,833.86,906.5,1008.7,1080.3,1116.4,1130.7,1114,832.71,770.03,765.56,822,874.8,873.32,819.6,762.93,767,828.5
797.13,780.75,797,833.67,906.38,1008.7,1080.6,1116.6,1131.1,1114,832.48,769.61,765.64,822.13,874.86,873.22,819.65,763.07,766.91,828.5
797.13,780.46,796.76,833.56,906.39,1009,1080.7,1117.3,1131.3,1114,832.48,769.71,765.58,822.08,874.78,873.29,819.71,762.93,766.79,828.5
796.55,779.91,796.09,833,906.62,1008.9,1081.2,1117.5,1131.4,1114.1,832.36,769.94,765.41,821.78,874.76,873.2,819.29,763.11,766.8,828.41
796.24,779.09,795.34,832.67,906.65,1008.9,1081.3,1118,1132.1,1114.5,832.8,770.23,765.66,821.88,874.4,873.2,819.4,763.4,766.91,828.5
795.88,778.1,794.17,832.22,906.62,1008.9,1082.2,1118.6,1132.7,1114.6,832.79,770.97,766.13,821.91,874.29,873.09,819.5,763.54,767.13,828.53
795.24,776.91,793.03,831.44,906.71,1009,1082.4,1120,1133.7,1115.1,832.8,770.94,766.26,821.78,874,873,819.47,764,767.22,828.81
794.91,776.09,791.74,830.72,906.78,1009,1082.8,1120.5,1134.4,1115.7,832.91,771.24,766.32,821.34,873.09,873,819.12,764,767.78,829.15
794.17,774.72,790.48,830.43,906.75,1009,1083.4,1122.3,1135.3,1116.1,833,771.39,766.48,821,872.75,871.88,819.21,763.88,767.88,829.19
793.33,773.27,789.13,829.5,906.62,1009,1084.3,1123.3,1136.7,1116.6,833.13,771.48,766.53,820.36,871.15,871.17,818.77,763.96,768.13,828.76
792.32,771.31,787.23,828.67,906.75,1009.1,1084.8,1124.6,1138.1,1117.6,833.44,772.25,766.67,819.88,870.25,870.33,818.45,764.08,768.58,829
791.35,769.73,785.21,827.86,906.59,1009,1085.8,1126.7,1139.6,1118.3,833.73,772.83,766.76,819.19,868.81,869.04,817.95,764.32,768.92,829.25
790.33,767.5,783.24,826.88,906.88,1009,1086.7,1128.1,1141.3,1119.3,834.13,773.2,766.61,818.79,867.67,868.27,817,764.43,768.96,829.59
789.39,765,780.76,825.5,906.62,1009,1087.5,1130.2,1143.1,1120,834.43,774,766.83,818,866.76,867,816.73,764.59,769.82,830
788,762.73,778.48,824.6,906.61,1009.1,1088.6,1131.9,1145,1121,834.83,774.83,767.1,816.96,864.78,865.41,816.13,764.58,770.14,830.21
786.92,759.78,775.74,823.22,906.46,1009,1089.5,1134,1147.4,1122.2,834.92,775.15,767.32,816.09,862.36,863.4,815.5,764.78,770.93,830.5
785.35,756.84,772.97,821.67,906.39,1009,1090.6,1136.5,1149.5,1123.1,835.35,776.77,767.74,814.88,860.48,861.5,814.65,765,771.5,830.81
784.11,753.93,769.73,820.37,906.26,1008.8,1091.7,1138.8,1152.2,1124.7,836.42,777.83,768.3,813.95,858.17,859.3,813.77,765.18,772.68,830.88
782.67,751.06,766.77,818.81,906.2,1008.6,1093.1,1141.6,1154.7,1126,836.88,779.16,768.7,812.69,855.24,857.14,812.64,765.78,773.63,831.5
781.4,747.84,763.44,817.4,906.18,1008.5,1094.2,1144.5,1157.5,1127,837.04,780.77,769.26,810.96,852.11,854.21,811.05,766.36,774.85,832
779.91,745.06,759.89,815.7,906,1008.4,1095.4,1147.1,1160.4,1128.5,837.91,782.16,769.96,809.44,848.83,851.14,810.05,766.5,776.08,832.73
778.29,741.83,756.97,814.04,905.89,1008.1,1096.5,1149.5,1162.6,1129.8,838.71,783.9,770.48,808,845.11,847.83,808.62,767.04,777.44,833.37
777.13,738.83,753.77,812.29,905.86,1008.2,1098,1152.4,1165.2,1131,839.17,785.9,770.7,806,841.38,844.21,806.81,767.6,779.04,833.9
775.56,736.3,751.09,810.78,905.14,1008.1,1099,1155.3,1168.5,1132.2,840.08,787.47,771.5,803.91,837,840.17,804.73,767.92,780.69,834.94
774.59,733.5,748.17,809.46,905.06,1007.9,1100.1,1157.4,1170.7,1133.2,840.93,789.71,772,801.36,832.19,835.87,802.91,768.08,782.43,835.39
773.5,731,745.56,808.2,905,1007.9,1100.9,1160.1,1172.9,1134.2,842,791.43,772.08,798.76,827,831.44,800.22,768.48,783.96,835.94
772.24,729,743.46,807.07,904.59,1007.8,1101.8,1162.3,1174.9,1135.5,842.8,792.83,772.04,795.71,821.48,825.79,797.11,768.5,785.07,836.73
771.91,727.33,741.27,805.65,904.09,1007.2,1102.4,1164,1177.1,1135.9,843.09,794.88,771.96,792.65,816.06,820.1,794.28,768.1,786.86,837.11
771.09,725.78,739.5,804.52,904,1007,1103.1,1165.8,1178.6,1137,843.91,796.09,771.32,789.1,810.35,814.11,791,767.68,787.96,837.9
770.38,724.5,738,804,903.8,1006.8,1103.9,1167.3,1180,1137.8,844.43,796.88,770.5,785,803.63,807.86,787.17,766.59,789,838.31
770.15,723.33,737.04,802.97,903.29,1006.5,1104.3,1167.9,1180.9,1138.2,844.58,797.88,769.4,781.09,797.32,801.39,783.52,765.57,789.91,838.5
769.5,722.71,736,802.18,902.94,1006.5,1104.5,1168.8,1181.9,1138.5,845,798.71,767.5,776.82,790.31,794.22,778.82,764.16,790.79,838.73
769.4,722.4,735.22,801.94,902.5,1006.4,1105.2,1169.6,1182.4,1138.7,844.96,798.96,766.3,772.03,783.5,787.58,774.5,762.52,790.96,838.88
769.5,722.09,734.97,801.54,902.18,1006.3,1105.8,1170.1,1182.6,1139,845,798.91,763.9,767.59,776.21,780.5,769.73,760.56,791.16,839
769.4,722.4,734.66,801.06,902.05,1006.5,1105.9,1170.1,1182.6,1138.9,844.96,798.96,761.72,762.91,768.92,772.87,765,758.56,791.13,838.91
769.4,722.33,734.63,800.94,901.98,1006.6,1105.9,1170.3,1182.6,1139,844.96,798.88,758.93,757.43,761.6,765.46,759.68,755.83,790.96,839
769.67,722.5,734.67,800.95,901.88,1006.5,1106,1170.1,1182.6,1139,844.88,798.5,756.5,752.71,754.6,758.13,754.62,753.33,790.96,839
770,723.15,735,800.94,901.95,1006.6,1106.1,1169.9,1182.3,1138.8,844.71,798.2,754,747.43,746.9,750.65,749.41,750.56,790.82,838.84
770.05,723.52,735.29,800.79,901.8,1007,1106.1,1170,1182,1138.8,844.24,797.62,751.19,742.44,739.24,742.92,743.82,748,790.33,838.63
770.5,724.26,736.03,801,901.66,1007.1,1106.1,1169.2,1181.3,1138.3,844,796.96,748.1,737.5,731.66,735.02,738.59,744.6,789.88,838.38
771,725.14,736.9,801.08,901.18,1007.3,1106.1,1168.5,1180.5,1137.9,843.8,796,744.83,731.82,724.21,727.13,733.29,741.87,788.92,838.21
771.14,726.17,737.71,801.42,901.27,1007.6,1105.9,1168.1,1179.4,1137.5,843.19,795,741.87,726.58,716.73,719.49,727.41,738.3,788.44,837.71
771.91,727.17,738.65,802.08,901.12,1007.9,1105.6,1167,1178.4,1137,842.91,794.48,738.62,721.18,708.9,711.4,721.45,735.19,787.65,837.5
772.48,728.5,739.44,802.14,901.18,1007.9,1105.2,1166.5,1177.6,1136.1,842.62,793.58,735.34,715.69,701.27,703.32,715.87,732.13,786.96,836.95
772.75,729.68,740.69,802.78,901.11,1008.1,1104.9,1165.2,1176.3,1136,842.4,792.44,732.31,710.38,693.46,695.6,710.02,728.54,786.33,836.79
773.54,730.77,741.97,803.31,901.1,1008.2,1104.1,1164,1175.5,1135.2,841.85,791.5,728.73,704.73,685.73,687.67,704.02,725.5,785,836.5
774.28,732,743.39,804,901.19,1008.2,1104,1163,1174.3,1134.5,841.4,790.5,725.76,699,678.19,679.69,698.21,721.97,784.18,835.73
774.69,733.65,745.03,804.67,901.35,1008.3,1103.1,1161.7,1172.9,1134,840.88,789.35,722.1,693.67,670.5,671.9,692.4,718.15,783.15,835.5
775.24,734.9,746.41,805.52,901.37,1008.4,1102.3,1160.1,1171.4,1133.6,840.52,788.48,718.66,688.2,662.8,664.15,686.35,714.59,782.43,834.91
776,736.41,748.24,806.31,901.35,1008.4,1102,1158.3,1170.3,1132.7,840,787.28,714.94,682.88,655.33,655.7,680.9,710.9,781.18,834.6
776.56,737.71,749.59,807.33,901.43,1008.4,1101,1156.8,1168.5,1132.1,839.59,786.54,711.65,677.07,648.02,647.93,674.92,707.17,780.18,834.41
777.41,739.5,751.58,808.12,901.41,1008.5,1100.3,1154.9,1166.5,1131.2,838.93,785.21,708.33,671.6,640.8,640.5,669.3,703.91,779,834.06
778.13,741.39,753.46,809.13,901.46,1008.7,1099.3,1153.1,1164.7,1130.1,838.79,784.18,704.8,666.5,633.43,632.91,663.79,700.59,778.33,833.09
779.13,743.48,755.76,810.35,901.43,1008.7,1098.5,1150.7,1162.7,1129.9,838,783.11,701.12,661.17,626.15,625.38,658.3,697,777.07,832.91
779.56,745.5,758.1,811.13,901.5,1009,1097.4,1148.8,1160.7,1128.6,837.3,782,697.75,656.02,619,618.16,652.71,693.6,775.97,832.47
780.26,747.41,760.24,812.5,901.54,1008.9,1096.4,1146.8,1158.8,1128,836.59,780.45,694.67,650.5,611.93,611.13,647.3,690.39,775,832
781,749.52,762.89,813.62,901.5,1009.2,1095.3,1144.3,1157,1127.4,836.56,779.76,690.89,644.91,605.5,604.09,641.98,686.77,773.87,831.09
781.78,751.8,765.39,814.88,901.55,1009.2,1094.3,1141.6,1154.7,1126.5,835.87,778.46,687.86,639.96,598.54,596.87,636.83,683.16,772.73,830.29
782.59,753.8,767.97,816.42,901.71,1009.4,1093.2,1139.4,1152.2,1125.8,834.93,777.09,684.84,635.33,591.84,590.15,631.81,679.94,771.09,830.2
783.27,756.05,770.79,817.42,901.66,1009.5,1091.9,1136.6,1149.7,1125.1,834.68,775.89,681.11,629.81,585.23,583,626.61,676.37,770.03,829.09
783.91,758.91,773.84,818.79,901.58,1009.8,1090.5,1133.3,1147.3,1124.4,834.09,774.59,677.64,625.33,578.76,576.41,621.31,672.97,768.6,828.47
784.5,761.15,776.68,820.32,902.05,1009.8,1089.2,1131,1144.8,1123.9,833.21,773.15,674.26,619.98,572.41,569.78,616.37,669.31,766.97,827.59
785.26,763.78,779.55,821.43,902.34,1010,1088.1,1128.1,1141.9,1123,832.59,771.46,670.9,615.47,566.36,563,611.21,665.94,765.42,826.83
785.5,766.32,782.63,822.73,902.38,1010.2,1086.4,1125.1,1139,1122.1,831.88,770.34,667.76,610.39,560.27,556.92,606.63,662.24,763.78,825.67
786.59,769.11,785.71,824.16,902.38,1010.5,1085,1121.5,1137,1121.9,830.93,768.5,664.22,605.71,554.27,550.67,601.61,658.8,762.42,824.91
787,771.97,788.66,826.02,902.38,1010.5,1083.5,1118.2,1133.8,1121.3,829.93,766.86,660.91,601.29,548.18,544.63,596.59,655.45,760.72,823
787.41,774.55,792.17,827.36,902.63,1010.7,1082.3,1115,1130.9,1120.3,828.93,765.18,657.63,597.21,542.35,538.64,592.45,652.17,758.5,821.68
787.92,777.27,795.37,828.91,902.66,1010.8,1080.8,1111.4,1128,1120.2,827.92,763.44,654.42,592.96,536.77,532.84,587.52,648.54,756.66,820.28
788.35,780.35,798.88,830.66,902.85,1010.7,1079.1,1107.7,1125.2,1119.5,826.73,761.42,650.95,588.36,531.26,527.35,582.62,645.07,754.9,818.61
789.5,783.16,802.41,832.39,902.84,1010.8,1077.3,1104.5,1121.8,1119,824.86,759.47,647.89,583.73,525.93,521.59,578.19,641.93,752.34,816.62
789.68,786.4,806.28,834.27,902.86,1010.8,1076.2,1101.1,1119.1,1118.2,823.03,757.38,644.47,579.59,520.75,516.35,574.26,638.57,750.25,814.43
790.2,789.64,809.6,836.19,903.02,1010.9,1074.3,1097.3,1115.7,1117.6,821.33,755.6,641.31,575.79,515.79,511.58,570.11,635.24,747.49,811.96
790.81,792.67,813.5,837.86,903.22,1011.1,1072.9,1093.6,1112.8,1116.6,819.28,753.45,638,571.72,510.8,507.11,566,631.56,745.15,809.37
791.48,795.81,817.16,839.35,902.88,1010.9,1071.1,1090.3,1109.7,1116,816.97,750.86,634.89,568.1,506.1,502.48,561.78,628.48,742.39,806.83
792.21,799.25,820.73,841.11,902.61,1011,1069.5,1086.5,1107,1114.8,814.5,748.55,631.94,563.89,501.59,498.29,557.05,625.5,740,803.96
793,802.47,824.72,842.95,902.6,1010.9,1067.6,1082.7,1103.3,1114,811.72,745.94,628.7,559.93,497.31,493.75,553.41,621.8,737.33,801.24
794.19,805.45,828.65,844.72,902.69,1010.7,1066,1079.2,1100.6,1112.7,809.04,743.27,625.76,556.18,493.27,489.67,549.35,618.41,734.32,797.88
795.48,808.67,832.6,846.81,902.58,1010.4,1064.8,1076,1097.3,1112,805.91,740.69,622.47,552.93,489.15,486.06,545.18,615,731.34,794.71
796.5,812.29,835.93,847.61,902.64,1010.3,1062.8,1073.4,1094.5,1110.4,802.5,737.71,619.15,549.3,485.09,481.86,541.85,611.89,728.36,791.26
797.58,815.49,839.58,849.63,902.53,1010.1,1061.6,1070.2,1091.3,1109,799.42,734.81,616.02,545.45,481.08,477.42,538.25,608.65,724.95,787.89
799.14,818.61,842.92,850.95,902.42,1010.3,1059.7,1067.1,1089,1107.7,795.67,731.39,612.9,541.93,477.29,473.71,534.83,605.31,721.92,784.65
800.5,822.13,845.94,852.38,902.44,1010.2,1058.2,1064.1,1086,1105.6,792,728,609.72,538,473.44,469.84,531,601.82,718.63,781.37
802.34,824.88,848.85,853.61,902.44,1010.1,1057.6,1061.8,1083.3,1104.1,788.53,724.88,606.06,535.05,469.58,465.84,527.22,598.12,715.47,778.22
803.77,827.98,851.48,854.85,902.04,1010,1056.5,1059.2,1081.1,1102.2,785.37,721.85,603.13,531.67,466.33,462.17,523.82,594.94,712.34,774.7
805.9,830.95,854.43,856.5,901.65,1009.8,1054.3,1057.4,1078.1,1100,781.74,718.42,599.98,528.31,462.72,458.82,520.89,591.74,709.05,771.57
807.86,833.36,856.96,857.44,901.57,1009.9,1054.2,1055.2,1075.6,1098,778.39,715.06,596.78,525.07,459.33,455.18,517.41,588.39,706.13,768.9
809.95,836.57,858.92,858.58,901.53,1009.8,1053.4,1053.5,1073.2,1095.9,775.57,711.72,593.71,521.96,455.77,451.72,513.97,585,703.27,766.3
812.26,839.02,861.09,859.31,901.63,1009.7,1052.7,1052.4,1071.1,1093.3,771.95,708.92,589.98,518.9,452.35,448.04,510.75,581.52,700.13,763.29
814.59,841.4,862.56,860.16,901.24,1009.4,1052.5,1051,1068.8,1091.1,769.51,706,587.16,515.47,449.26,444.94,508.07,578.68,697.41,760.83
817.03,843.71,863.89,860.77,901.1,1009.5,1052,1050.3,1066.9,1088.6,766.61,703.06,583.76,512.21,445.94,441.88,504.49,575.64,694.63,758.5
819.68,845.9,865.35,861.44,901.22,1009.4,1051.3,1048.7,1065.4,1086.1,764.47,700,580.84,509.08,442.76,438.26,501.34,571.75,692,756.31
822.51,848.38,866.31,861.44,901.23,1009.6,1050.8,1048.8,1063.8,1083,761.95,697.9,577.84,505.93,439.6,435.23,497.88,569.55,689.45,754.39
825.35,849.79,866.96,862.08,901.13,1009.6,1050.7,1048.4,1062.4,1080.3,759.63,695.29,574.67,502.95,436.65,432.33,495.4,565.58,687.15,752.23
828.22,851.85,867.69,862.32,901.06,1009.3,1050.5,1048.8,1060.8,1077.3,757.83,692.56,571.5,499.78,433.6,429.31,492.24,562.71,684.59,750.36
831,853.52,868.34,862.33,901.06,1009.3,1050.3,1048.2,1059.1,1075,756.18,690.26,568.77,496.96,430.69,426.47,489.47,559.54,682.07,748.5
834.44,855.28,868.89,862.5,900.89,1009.3,1050,1048,1057.5,1071.7,754.35,687.88,565.76,494,427.52,423.27,486.5,556.88,679.86,746.81
837.54,857.04,869.04,862.36,901,1009.2,1049.7,1047.4,1056.5,1069,752.68,685.68,562.75,491.31,425,420.42,483.71,554.33,677.3,744.86
840.58,858.32,868.93,862.27,900.93,1009.3,1049.6,1046.6,1055.1,1065.2,751.33,683.17,559.93,488.54,421.95,417.96,481.36,551.74,675.27,743.09
844.02,860.13,868.8,862.63,900.73,1009.2,1049.7,1046.3,1053.5,1062.4,749.58,681.29,557.61,485.68,419.1,415.28,478.64,549.03,673.41,741.43
847.36,862.02,868.72,862.44,900.56,1009.2,1049.7,1046.8,1051.8,1059,748.4,679.38,554.85,483.44,416.92,412.54,475.95,546.79,671.13,739.63
851.26,863.31,868.73,862.32,900.62,1009.3,1049.6,1046.9,1050.9,1056,747.18,677.71,552.6,481.2,414.19,410.19,473.44,544.55,669.1,738
854.91,865.06,868.57,862,900.52,1009.1,1050.2,1048.8,1049.5,1052.9,745.49,675.57,549.73,478.5,411.65,407.45,470.95,542.24,666.84,736.49
858.4,866.79,868.47,861.7,900.42,1009,1050.5,1049.7,1047.8,1049.6,744.29,673.73,547.64,475.77,409.18,404.96,468.5,539.73,664.86,734.5
862.14,867.95,868.08,861.9,900.5,1009,1050.7,1049.5,1046.7,1046.1,742.53,671.75,545.44,473.52,407,402.67,466.22,537.41,662.81,732.94
866.05,869.69,867.93,861.84,900.44,1008.8,1050.8,1050.1,1045.5,1043,741.23,669.78,543.67,471.49,405.08,400.55,464.14,535.33,660.9,731
869.56,871.08,867.16,861.69,900.39,1008.9,1050.8,1050.4,1044,1039.8,739.69,668,541.66,469.69,402.86,398.65,462.07,533.17,659.02,729.33
873.23,872.25,866.84,861.84,900.43,1008.8,1051,1050.9,1043.3,1036.5,738.21,666.77,539.47,467.61,400.95,396.68,459.96,531.26,657,727.22
876.98,873.5,865.72,861.24,900.12,1008.5,1051,1051.5,1041.7,1033.1,736.57,664.78,537.65,465.43,399.02,394.91,458.17,529.27,655.02,725.25
880.83,875.05,865.42,860.77,900.37,1008.5,1051.2,1051.4,1040.4,1030,734.91,663.32,535.53,463.57,397.03,392.87,456.05,527.47,653.02,723.17
884.42,876.46,864.61,860.57,899.74,1008.5,1051.3,1052.3,1039,1026.8,733.09,661.54,533.91,461.77,395.37,391.21,454.78,525.57,651.02,721.14
888.42,877.81,864.28,860.5,899.74,1008.5,1052.1,1052.4,1037.8,1023.6,731.09,659.74,532.23,460.5,393.35,389.4,452.82,523.64,649.13,719.03
891.92,879.33,864.07,859.95,899.85,1008.5,1052.7,1053.2,1036.8,1020.5,729.16,657.82,530.74,459.14,391.72,387.72,451.13,521.94,647.34,716.5
895.44,880.93,863.7,859.41,899.85,1008.5,1052.9,1053.7,1035.7,1017.5,727.35,656.28,529.11,457.54,390.03,386.16,449,520.58,645.35,714.38
899.29,882.53,863.15,859.09,899.89,1008.4,1052.5,1054.1,1035.2,1014.3,725.39,654.55,527.51,455.77,388.86,384.64,447.86,519.12,643.54,711.71
902.54,883.5,862.67,859.23,899.71,1008.4,1052,1054.4,1033.4,1011.2,723.04,652.95,526.24,454.63,387.18,383.33,446.17,517.6,641.31,709.47
905.98,885.14,862.22,859.03,899.75,1008.3,1052.7,1055.2,1032.8,1008.4,720.7,651.08,525.37,453.62,386,381.49,444.87,516,639.88,707.02
909.47,886.27,862,858.91,899.56,1008.5,1053.1,1055.6,1032,1005.4,718.47,649.18,523.63,451.76,384.92,380.59,443.68,515,637.69,704.5
913.2,887.53,861.12,858.53,899.66,1008.8,1053.1,1055.8,1030.8,1002.4,715.82,647.51,522.88,450.85,383.6,379.02,442.61,513.65,635.79,701.88
916.51,888.98,860.76,858.37,899.75,1008.7,1053.3,1056.4,1029.8,999.5,713.53,645.71,521.26,449.63,382.17,377.93,441.12,512.91,634.02,699.4
920.02,890.09,860.59,857.81,899.57,1008.7,1053.7,1056.7,1029,996.8,711,644.29,520.89,448.59,381.23,377,440.35,511.28,632.3,696.98
923.5,890.98,859.93,857.71,899.7,1008.8,1053.8,1057.2,1027.9,994.16,708.5,642.72,519.26,447.61,379.76,375.86,439.14,510.52,630.63,694.09
926.44,892.17,859.53,857.17,899.66,1008.6,1054.4,1056.9,1026.9,991.2,705.88,640.83,518.93,446.5,379.38,374.73,438.03,509.47,628.65,691.55
928.23,892.76,858.89,856.97,899.58,1008.4,1054.7,1057.2,1027.2,989.51,703.92,639.35,517.84,445.37,378.32,374.08,436.98,508.65,626.87,688.92
927.37,891.56,858.39,856.37,899.5,1008.5,1055.2,1058.4,1028.4,990.82,703.63,638.78,517.09,444.98,377.71,373,435.23,507.46,625.57,687.41
925.59,889.96,857.9,855.95,899.5,1008.8,1055.2,1059.8,1029.5,991.5,703.34,638.71,516.27,443.69,376.17,371.44,434.95,505.66,624.41,686.37
924.8,889.52,856.64,856,899.61,1008.7,1055.9,1060.4,1031.3,992.69,703,637.52,515.5,443.5,375.86,370.85,433.19,505.04,623.07,684.47
923.37,888.37,857,856,899.5,1008.4,1056.2,1062,1032.6,993.5,702.71,637.18,514.9,442.5,375.17,369.47,432.97,503.78,621.63,683.3
922.16,887.3,856.53,855.9,899.5,1008.3,1056.9,1063.1,1033.5,994.82,702.41,637.09,514.07,442.06,373.88,368.51,431.74,503.29,620.47,681.95
920.7,885.84,855.46,855.5,899.5,1008.2,1057.4,1064.2,1035,995.5,701.93,636.4,513.65,441.5,373.5,367.41,431.33,501.8,619.17,680.42
919.25,884.75,855.13,855.58,899.54,1008.4,1058.1,1064.8,1036.6,996.92,702,636.19,513.21,441.09,372.78,367.19,430.18,501.12,618.04,679.52
917.61,883.07,854.05,854.88,899.59,1008.7,1058.9,1066.2,1037.6,998.14,701.89,635.92,512.77,440.41,371.97,366.56,429.39,500.3,616.8,678.39
916.04,881.96,853.34,854.5,899.5,1008.7,1059.1,1067.1,1039.2,999.29,701.82,635.75,512.09,439.8,371.5,365.67,428.61,499.63,615.57,676.85
914.67,881.02,852.07,854.29,899.5,1008.8,1059.2,1068.7,1041.3,1000.3,701.76,635.27,512.19,439.71,371.35,365.36,427.69,499.04,615.08,675.39
912.86,879.05,851.57,853.5,899.5,1009,1060.1,1070.2,1042.4,1001.4,701.79,635.8,511.83,439.5,371.17,365.17,427.42,497.82,613.53,674.65
911.73,877.56,850.92,853.38,899.43,1008.8,1060.2,1071.3,1044.6,1002.9,701.75,635.62,511.56,439.34,370.95,364.73,427,497.78,613.08,673.57
910.34,876.51,849.59,852.71,899.43,1009.1,1060.9,1072.4,1045.5,1004.4,701.82,635.67,511.46,439.5,370.5,364.55,426.56,496.71,612.12,672.46
908.76,874.98,848.84,852.38,899.47,1009,1061.4,1073.9,1047.3,1005.1,702.09,635.63,511.53,439.34,370.42,364.13,425.8,496.47,610.97,671.28
907.28,873.62,847.76,851.66,899.73,1008.8,1062.2,1075.9,1049.1,1006.9,702.37,635.75,511.51,438.92,370.05,363.87,425.46,495.66,610.56,670.66
905.5,871.91,846.62,850.95,899.72,1008.8,1063,1076.9,1050.5,1008.2,703,635.94,511.42,438.93,370.1,363.57,425.5,495.55,610.05,669.5
904,870.22,845.02,850.65,899.59,1009.1,1063.4,1078.5,1052.4,1009.2,703,636.31,511.37,439.07,369.97,363.52,425.22,495.5,609.3,668.79
902.34,868.62,843.71,850.78,899.61,1009.1,1064.1,1080,1054.4,1011,703.43,636.95,511.5,439.46,370.39,363.52,425.06,495.17,608.67,668.19
901,867.25,842.79,849.97,899.64,1009.1,1064.3,1080.3,1056.1,1012.4,704,637.15,511.83,439.82,370.47,363.61,424.92,495.1,608.67,667.37
899.27,865.33,841.92,849.06,899.68,1009,1065.1,1081.7,1058.2,1013.8,704.54,637.47,512.65,440.32,371.05,363.55,424.95,494.8,608.33,666.92
897.38,864.18,841.13,848.39,899.55,1008.9,1066.1,1083.6,1059.6,1015.4,705.13,637.67,513.04,440.64,371.58,363.89,425.17,494.71,607.54,666.26
896.02,862.5,839.98,848.05,899.84,1009.2,1066.6,1085.1,1061.3,1016.8,705.69,638.33,513.2,440.97,371.88,364.32,425.24,494.67,607.36,665.73
894.5,860.95,839.17,847.58,899.91,1009.2,1067.2,1086.6,1062.9,1018.3,706.5,639.16,513.98,441.58,372.48,364.49,425.35,494.68,606.8,665.35
892.79,859.51,837.91,847.38,899.86,1009.1,1067.9,1088,1064.6,1019.8,707.4,639.69,514.36,442.34,372.8,365.18,425.45,494.72,606.58,665.19
891,857.84,836.82,846.67,899.55,1009.1,1068.7,1088.1,1066.8,1021.2,708,640.16,514.98,442.85,373.58,365.33,425.57,494.6,607.04,664.53
889.25,855.88,835.48,846.62,899.58,1009.3,1069.4,1089.7,1068.6,1023,708.8,641.2,515.3,443.14,374.42,365.52,425.72,495.15,607,663.93
887.63,854.05,834.53,845.85,899.95,1009.2,1070,1091.5,1069.8,1024.9,709.27,642.04,516.18,444.27,375,366.39,426.37,495.08,606.22,663.61
885.56,852.03,833.25,845,900.06,1009.3,1070.7,1093.8,1071.8,1026.3,710.71,642.81,516.93,445.1,375.62,366.89,426.76,495.38,606.22,663.39
883.98,850.27,832.37,844.78,899.58,1009.6,1071.5,1095.2,1073.5,1027.6,711.51,643.54,517.83,445.68,376.45,367.7,427.17,495.57,606.05,663.4
882.48,848.61,831.34,844.22,899.65,1009.7,1072.4,1096.7,1075.4,1029.3,712.13,644.39,518.83,446.58,377.38,368.31,427.56,495.73,606.08,663.27
880.65,846.86,830.08,843.77,899.73,1009.5,1073,1097.8,1076.9,1030.6,713.71,645.19,519.4,447.57,378.45,369.35,428.26,495.84,605.95,663.4
878.86,845.34,828.78,843.31,899.66,1009.5,1073.8,1099.2,1078.7,1032.9,714.68,646.07,520.34,448.77,379.38,370.35,429,496.47,606.21,663.44
876.77,843.83,827.83,842.74,899.91,1009.5,1074.4,1100.7,1080.8,1034.8,715.57,647.2,521.35,449.74,380.4,370.92,429.57,496.98,606.44,663.46
874.98,842.41,826.81,842.31,899.91,1009.9,1075,1102.4,1082.7,1036.3,716.77,647.82,522.57,450.77,381.4,371.47,429.82,497.14,606.32,663.39
873.44,840.38,825.77,841.67,900.24,1009.7,1075.6,1103.5,1084.5,1038.2,717.91,649.31,523.57,451.86,382.76,372.92,431.43,497.44,606.44,663.73
871.53,838.67,824.6,840.92,900.18,1009.8,1076.3,1105,1086.3,1039.4,719.37,650.57,524.67,453.32,383.63,373.71,431.79,497.79,606.53,664.02
869.51,836.85,823.3,840.95,900.15,1010.1,1076.8,1106.7,1088.1,1041.4,720.57,651.69,525.87,454.57,385.32,375.3,432.89,498.94,607.32,664.44
867.5,835.37,822.13,840.37,899.91,1010.2,1077.8,1108.1,1090.1,1043.2,721.77,652.85,526.78,455.49,386.4,376.02,433.72,499.27,608.14,665.14
865.67,833.21,821.13,839.87,900.2,1010.4,1078.4,1109.2,1092,1045,723.43,654,528.18,457.08,387.67,377.23,434.65,499.95,608.84,665.27
863.77,831.91,819.86,839.43,900.34,1010.1,1079.1,1110.3,1094.4,1046.8,724.69,655.32,529.19,458.4,389.38,378.38,435.58,500.69,609.52,665.53
