0.001, 67.965, 2.915, 4.580, 3.022, 2.861
0.004, 67.723, 2.879, 4.634, 2.987, 3.058
0.005, 68.046, 2.987, 4.616, 2.378, 3.004
0.007, 67.965, 2.969, 4.527, 3.040, 2.969
0.009, 67.925, 2.933, 4.652, 3.040, 2.933
0.011, 67.885, 2.897, 4.634, 2.987, 2.951
0.013, 67.522, 2.861, 4.688, 3.004, 2.879
0.015, 67.965, 2.897, 4.545, 3.022, 2.915
0.017, 68.126, 3.004, 4.598, 3.631, 2.843
0.019, 67.723, 2.772, 4.580, 2.987, 2.825
0.021, 63.976, 4.383, 4.742, 3.040, 3.810
0.023, 61.478, 4.348, 5.691, 4.348, 4.151
0.025, 63.533, 5.225, 5.977, 5.530, 5.010
0.027, 64.339, 5.923, 6.658, 6.120, 5.171
0.029, 64.178, 7.088, 7.410, 6.747, 6.765
0.031, 61.518, 7.714, 8.126, 7.625, 7.070
0.033, 61.156, 8.699, 9.057, 8.681, 8.198
0.036, 61.277, 10.114, 9.595, 9.810, 9.272
0.038, 62.364, 11.493, 10.562, 10.651, 10.597
0.040, 61.679, 11.941, 11.797, 11.457, 11.976
0.042, 59.181, 13.337, 12.621, 12.746, 12.478
0.044, 57.408, 14.752, 13.463, 13.893, 13.624
0.046, 57.771, 16.042, 14.716, 14.931, 15.057
0.048, 59.383, 16.543, 16.686, 15.934, 16.203
0.050, 58.658, 18.029, 17.026, 16.042, 16.865
0.052, 57.167, 19.247, 17.241, 17.707, 18.101
0.054, 55.837, 20.447, 18.083, 18.531, 19.265
0.056, 56.240, 21.020, 20.250, 19.247, 20.483
0.058, 56.361, 21.665, 21.163, 20.375, 21.235
0.060, 55.918, 23.330, 21.342, 21.360, 21.486
0.062, 55.273, 24.405, 24.727, 22.435, 23.061
0.064, 54.467, 25.282, 27.216, 22.811, 24.064
0.066, 54.870, 25.963, 28.756, 23.635, 24.960
0.068, 54.830, 26.983, 25.586, 24.422, 25.515
0.070, 54.185, 27.897, 23.903, 25.658, 26.518
0.072, 53.419, 28.810, 24.619, 25.891, 26.554
0.074, 52.775, 29.276, 28.667, 26.697, 28.094
0.076, 52.654, 30.046, 29.401, 27.431, 28.488
0.078, 52.614, 30.887, 26.249, 28.201, 29.240
0.080, 52.049, 31.747, 28.040, 28.470, 30.117
0.082, 52.009, 32.105, 29.276, 29.240, 30.851
0.084, 51.364, 32.248, 35.221, 29.956, 31.174
0.086, 51.082, 33.538, 31.013, 30.386, 31.854
0.088, 50.881, 34.164, 30.887, 30.995, 32.768
0.090, 50.478, 34.505, 31.496, 31.353, 33.179
0.092, 50.196, 35.078, 32.624, 31.962, 33.663
0.094, 50.115, 35.651, 31.872, 32.535, 34.021
0.096, 49.874, 36.224, 32.087, 32.857, 34.737
0.098, 49.471, 36.403, 32.499, 33.018, 35.167
0.100, 49.310, 36.886, 33.036, 33.860, 35.919
0.102, 48.947, 37.513, 33.412, 34.326, 35.848
0.104, 48.786, 38.068, 33.717, 34.755, 36.618
0.106, 48.544, 38.212, 34.218, 34.988, 36.833
0.108, 48.383, 38.516, 34.791, 35.346, 37.298
0.110, 48.262, 38.982, 34.845, 35.561, 37.567
0.112, 47.980, 39.197, 35.346, 36.242, 37.871
0.114, 47.859, 39.483, 35.812, 36.278, 38.230
0.116, 47.617, 39.501, 36.081, 36.528, 38.552
0.118, 47.416, 40.576, 37.101, 36.815, 38.713
0.120, 47.214, 40.146, 36.582, 37.101, 38.910
0.122, 47.255, 40.199, 36.797, 37.227, 39.143
0.124, 47.053, 40.396, 37.137, 37.460, 39.358
0.126, 46.610, 40.611, 36.922, 37.710, 39.465
0.128, 46.570, 40.540, 37.603, 37.979, 39.662
0.130, 46.368, 40.862, 37.764, 38.247, 39.823
0.132, 46.368, 38.803, 38.086, 38.194, 40.074
0.134, 46.167, 40.217, 38.068, 38.570, 40.038
0.136, 45.965, 40.916, 38.301, 38.910, 39.698
0.138, 45.844, 40.987, 38.534, 38.910, 39.841
0.140, 45.764, 40.987, 38.624, 38.964, 39.662
0.142, 45.683, 40.898, 39.161, 39.161, 40.182
0.144, 45.603, 40.450, 39.125, 38.856, 40.217
0.146, 45.401, 40.790, 39.304, 39.519, 40.450
0.148, 45.280, 40.665, 39.304, 39.537, 40.289
0.150, 45.159, 40.593, 39.214, 39.752, 40.110
0.152, 45.482, 40.450, 39.501, 39.644, 40.164
0.154, 46.328, 40.253, 39.447, 39.626, 39.483
0.156, 45.441, 39.877, 39.018, 39.268, 39.322
0.158, 44.394, 39.483, 38.624, 38.928, 38.785
0.160, 45.522, 39.161, 38.462, 38.498, 38.373
0.162, 46.368, 38.659, 37.907, 38.140, 38.158
0.164, 46.046, 38.480, 37.352, 37.943, 37.728
0.166, 44.918, 38.283, 37.531, 37.871, 37.477
0.168, 44.958, 38.104, 37.531, 38.033, 37.352
0.170, 45.925, 37.800, 37.477, 38.015, 37.370
0.172, 45.764, 37.836, 37.477, 38.247, 37.173
0.174, 45.723, 37.388, 37.549, 38.176, 37.173
0.176, 45.885, 37.209, 37.531, 38.140, 36.940
0.178, 45.038, 21.163, 36.976, 37.746, 36.600
0.180, 45.240, 67.778, 37.066, 37.513, 36.546
0.182, 46.046, 67.778, 36.779, 37.495, 36.009
0.184, 62.002, 67.778, 35.687, 37.083, 34.827
0.186, 45.321, 34.523, 36.510, 37.173, 35.490
0.188, 45.321, 35.830, 36.349, 37.083, 35.436
0.190, 45.482, 35.579, 37.316, 37.495, 35.346
0.192, 45.965, 35.346, 36.331, 37.101, 35.275
0.194, 45.844, 35.114, 36.475, 37.513, 35.096
0.196, 45.401, 35.024, 36.439, 37.424, 35.096
0.198, 45.441, 34.648, 36.385, 37.316, 34.182
0.200, 45.603, 33.788, 36.331, 37.227, 34.594
0.202, 46.207, 34.254, 36.224, 37.173, 34.254
0.204, 45.844, 34.021, 36.081, 36.904, 34.003
0.206, 45.603, 33.914, 35.794, 36.833, 33.717
0.208, 45.643, 33.663, 35.866, 36.689, 33.538
0.210, 45.844, 33.663, 35.687, 36.940, 33.341
0.212, 45.804, 33.556, 35.669, 36.672, 33.090
0.214, 45.643, 33.215, 35.687, 36.815, 33.376
0.216, 45.401, 33.430, 35.525, 36.779, 33.359
0.218, 45.804, 33.287, 35.669, 36.761, 33.681
0.220, 45.764, 33.144, 35.687, 36.940, 33.197
0.222, 45.723, 67.778, 35.615, 36.743, 33.269
0.224, 45.643, 67.778, 35.722, 36.367, 29.222
0.226, 45.804, 67.778, 35.776, 37.083, 32.481
0.228, 45.562, 67.778, 35.418, 36.636, 31.210
0.230, 45.804, 67.778, 35.346, 36.618, 32.517
0.232, 61.760, 67.778, 34.379, 36.403, 31.496
0.234, 45.603, 32.696, 35.293, 36.439, 31.407
0.236, 45.683, 32.517, 35.346, 36.600, 30.278
0.238, 45.723, 32.392, 35.508, 36.725, 33.090
0.240, 45.683, 31.872, 35.472, 36.528, 31.425
0.242, 45.885, 67.778, 35.418, 36.582, 32.069
0.244, 45.683, 67.778, 35.131, 36.654, 31.711
0.246, 45.683, 67.778, 34.361, 36.672, 30.869
0.248, 45.844, 32.392, 35.149, 36.385, 31.478
0.250, 45.764, 32.266, 35.293, 36.475, 30.350
0.252, 45.643, 31.962, 35.364, 36.349, 31.389
0.254, 45.723, 31.998, 40.396, 36.403, 31.102
0.256, 45.764, 30.547, 37.477, 35.955, 29.920
0.258, 45.804, 30.046, 36.188, 36.439, 29.096
0.260, 53.621, 31.801, 67.778, 36.385, 31.639
0.262, 45.804, 31.478, 67.778, 36.385, 31.604
0.264, 45.723, 30.243, 67.778, 36.349, 31.729
0.266, 45.844, 32.105, 67.778, 36.367, 31.693
0.268, 45.764, 30.869, 37.585, 36.081, 31.639
0.270, 45.723, 31.729, 36.851, 36.421, 31.586
0.272, 45.723, 31.550, 35.848, 36.313, 31.639
0.274, 45.844, 31.980, 36.492, 36.278, 31.639
0.276, 45.885, 32.159, 35.758, 36.278, 31.657
0.278, 45.844, 32.087, 35.669, 36.278, 31.621
0.280, 45.885, 31.783, 35.508, 36.188, 31.675
0.282, 45.925, 34.630, 35.633, 36.224, 31.568
0.284, 45.804, 33.359, 35.812, 36.224, 31.639
0.286, 45.723, 33.054, 36.904, 36.367, 31.604
0.288, 45.885, 33.036, 38.749, 36.098, 31.550
0.290, 45.925, 32.678, 36.636, 36.313, 32.356
0.292, 45.804, 31.926, 38.265, 36.958, 33.681
0.294, 45.603, 32.105, 36.098, 36.242, 32.105
0.296, 45.925, 31.926, 36.170, 36.385, 32.033
0.298, 45.804, 31.836, 35.991, 36.116, 32.123
0.300, 45.925, 31.765, 35.705, 36.170, 31.908
0.302, 45.885, 31.693, 35.382, 36.152, 31.926
0.304, 45.965, 31.568, 35.472, 36.081, 31.747
0.306, 45.885, 31.138, 35.508, 36.027, 31.675
0.308, 45.764, 30.601, 35.633, 36.152, 31.586
0.310, 45.925, 31.138, 35.293, 36.224, 31.693
0.312, 45.925, 31.192, 35.167, 36.206, 31.532
0.314, 45.603, 31.317, 35.328, 36.098, 31.604
0.316, 45.764, 31.192, 35.078, 36.170, 31.604
0.318, 46.207, 31.425, 35.185, 36.098, 31.568
0.320, 45.723, 30.762, 34.863, 36.224, 31.568
0.322, 45.441, 31.263, 35.042, 36.116, 31.299
0.324, 45.723, 31.442, 35.024, 36.063, 31.604
0.326, 45.119, 31.192, 34.970, 35.812, 31.550
0.328, 46.247, 30.583, 34.272, 35.705, 30.529
0.330, 46.408, 29.168, 33.788, 34.523, 29.598
0.332, 45.159, 27.807, 32.463, 33.144, 29.007
0.334, 45.038, 27.521, 31.317, 32.177, 28.147
0.336, 45.844, 26.894, 30.368, 31.371, 27.216
0.338, 46.247, 25.998, 29.938, 30.601, 26.052
0.340, 45.562, 25.300, 28.882, 29.598, 25.569
0.342, 45.119, 24.440, 28.112, 28.595, 25.264
0.344, 45.482, 24.046, 27.198, 28.183, 24.422
0.346, 45.482, 23.330, 26.697, 27.162, 23.849
0.348, 46.328, 22.632, 26.106, 26.285, 23.205
0.350, 46.005, 21.790, 25.193, 25.551, 22.721
0.352, 45.159, 21.539, 24.333, 25.425, 21.969
0.354, 45.200, 20.823, 24.064, 24.279, 21.396
0.356, 45.925, 20.304, 23.187, 23.527, 20.823
0.358, 45.925, 19.731, 22.650, 22.811, 20.429
0.360, 45.522, 19.229, 21.969, 22.345, 19.928
0.362, 45.321, 18.620, 21.450, 21.736, 19.265
0.364, 45.441, 17.958, 20.895, 21.074, 18.656
0.366, 45.764, 17.474, 19.319, 20.554, 18.298
0.368, 45.683, 17.134, 19.605, 20.017, 17.993
0.370, 45.562, 16.579, 19.372, 19.426, 17.420
0.372, 45.401, 16.167, 18.764, 18.871, 16.883
0.374, 45.643, 15.594, 18.208, 18.262, 16.507
0.376, 45.965, 15.254, 17.546, 17.725, 16.131
0.378, 45.723, 14.860, 17.313, 17.492, 15.719
0.380, 45.562, 14.484, 16.704, 16.829, 15.254
0.382, 45.643, 13.910, 16.274, 16.453, 14.716
0.384, 45.764, 13.839, 15.791, 15.898, 14.824
0.386, 45.723, 13.355, 15.451, 15.540, 14.090
0.388, 45.723, 12.890, 14.949, 15.271, 13.803
0.390, 45.482, 12.532, 14.698, 14.681, 13.337
0.392, 45.683, 12.388, 14.322, 14.304, 13.158
0.394, 45.723, 11.994, 13.749, 13.839, 12.854
0.396, 45.804, 11.636, 19.641, 13.481, 12.603
0.398, 45.603, 11.314, 13.176, 13.158, 12.155
0.400, 45.200, 11.009, 12.335, 12.800, 11.923
0.402, 45.925, 10.597, 11.797, 12.603, 11.475
0.404, 45.723, 9.917, 12.209, 12.335, 11.368
0.406, 45.522, 10.132, 11.421, 11.887, 10.239
0.408, 45.764, 10.078, 11.475, 11.582, 10.777
0.410, 45.764, 9.863, 11.135, 11.385, 10.741
0.412, 45.844, 9.792, 10.974, 11.117, 10.257
0.414, 45.804, 9.362, 10.902, 10.687, 9.738
0.416, 45.885, 9.129, 10.472, 10.400, 9.774
0.418, 45.804, 8.986, 10.186, 10.239, 9.630
0.420, 45.804, 8.753, 10.007, 9.827, 9.523
0.422, 46.005, 8.484, 9.756, 10.669, 9.093
0.424, 45.885, 8.269, 9.487, 9.469, 9.004
0.426, 45.723, 7.016, 9.219, 9.236, 8.986
0.428, 45.764, 8.108, 9.380, 9.075, 8.628
0.430, 45.965, 7.893, 9.022, 8.789, 8.520
0.432, 45.764, 7.732, 8.771, 8.717, 7.589
0.434, 45.804, 7.696, 8.484, 8.413, 7.428
0.436, 45.764, 8.359, 8.341, 8.305, 7.929
0.438, 45.723, 7.284, 8.359, 8.216, 7.464
0.440, 45.764, 7.195, 8.019, 7.804, 6.676
0.442, 45.925, 7.177, 7.804, 7.678, 7.625
0.444, 45.804, 6.622, 8.484, 7.571, 7.822
0.446, 45.844, 6.873, 6.944, 7.446, 7.428
0.448, 45.804, 6.873, 7.410, 7.302, 7.267
0.450, 45.844, 6.765, 7.213, 7.267, 6.980
0.452, 45.764, 6.640, 7.105, 6.926, 5.530
0.454, 45.723, 6.389, 6.980, 6.908, 6.586
0.456, 45.764, 6.658, 6.891, 6.801, 7.517
0.458, 45.764, 6.335, 6.837, 6.550, 6.819
0.460, 45.804, 6.156, 6.711, 6.622, 6.658
0.462, 45.804, 5.977, 6.676, 6.514, 6.747
0.464, 45.603, 5.888, 6.479, 6.389, 6.103
0.466, 45.683, 5.906, 6.282, 6.228, 6.873
0.468, 45.764, 5.995, 6.389, 6.246, 6.676
0.470, 45.683, 5.941, 6.371, 6.300, 6.765
0.472, 45.844, 5.959, 6.120, 6.174, 6.497
0.474, 45.683, 5.906, 6.389, 5.995, 6.210
0.476, 45.804, 5.870, 6.049, 5.959, 6.604
0.478, 45.764, 5.655, 5.941, 5.852, 7.052
0.480, 45.764, 5.726, 5.888, 5.816, 6.926
0.482, 45.764, 5.959, 5.834, 5.726, 6.801
0.484, 45.804, 5.565, 5.673, 5.637, 6.783
0.486, 45.764, 5.601, 5.655, 5.547, 6.389
0.488, 45.764, 5.494, 5.726, 5.512, 5.959
0.490, 45.764, 5.297, 5.547, 5.010, 5.870
0.492, 45.764, 5.476, 5.530, 5.547, 5.512
0.494, 45.844, 5.476, 5.583, 5.225, 5.637
0.496, 45.885, 5.494, 5.458, 5.368, 6.174
0.498, 45.844, 5.333, 5.440, 5.297, 5.422
0.500, 45.844, 5.315, 5.333, 4.616, 5.619
0.502, 45.965, 5.315, 5.350, 5.118, 5.350
0.504, 45.764, 5.207, 5.261, 5.261, 5.422
0.506, 45.925, 4.759, 4.097, 5.118, 5.547
0.508, 45.925, 5.046, 5.064, 5.028, 4.688
0.510, 45.764, 4.688, 4.401, 4.831, 5.315
0.512, 45.804, 4.849, 5.100, 4.670, 5.171
0.514, 45.723, 4.688, 5.315, 4.939, 6.067
0.516, 45.804, 4.759, 4.974, 4.670, 6.514
0.518, 45.804, 4.724, 4.903, 4.795, 6.353
0.520, 45.804, 4.562, 4.956, 4.849, 6.407
0.522, 45.764, 4.670, 4.867, 4.795, 6.085
0.524, 45.885, 5.243, 4.742, 4.724, 5.386
0.526, 45.885, 4.670, 4.706, 4.634, 5.171
0.528, 45.925, 4.527, 4.831, 4.491, 5.422
0.530, 45.844, 4.580, 4.670, 4.545, 5.297
0.532, 45.885, 4.598, 4.759, 4.903, 4.867
0.534, 45.804, 4.383, 4.652, 4.580, 4.885
0.536, 45.723, 4.419, 4.598, 4.509, 4.885
0.538, 45.804, 6.550, 8.234, 4.885, 4.634
0.540, 44.958, 67.778, 5.530, 4.473, 4.598
0.542, 45.764, 67.778, 4.831, 4.527, 4.580
0.544, 45.844, 67.778, 5.207, 4.419, 5.225
0.546, 45.844, 67.778, 4.992, 4.527, 4.330
0.548, 45.885, 67.778, 5.350, 4.383, 4.509
0.550, 45.925, 67.778, 5.512, 5.028, 4.240
0.552, 45.925, 4.939, 5.744, 4.401, 4.491
0.554, 45.885, 4.724, 5.941, 4.348, 4.491
0.556, 45.844, 4.276, 5.243, 4.419, 4.473
0.558, 45.643, 4.258, 4.759, 4.365, 5.422
0.560, 45.885, 4.222, 4.652, 4.401, 4.509
0.562, 45.764, 4.061, 7.302, 4.133, 4.419
0.564, 45.643, 4.133, 5.941, 4.222, 4.151
0.566, 45.885, 4.151, 5.512, 4.222, 3.201
0.568, 45.965, 4.133, 4.598, 4.097, 4.330
0.570, 45.925, 4.168, 4.652, 4.151, 4.294
0.572, 45.844, 4.222, 4.365, 4.312, 4.186
0.574, 45.885, 4.043, 4.437, 4.186, 4.079
0.576, 45.885, 4.294, 4.383, 4.186, 4.240
0.578, 45.844, 3.989, 4.365, 4.115, 4.168
0.580, 45.844, 4.007, 4.097, 4.061, 4.258
0.582, 45.885, 3.989, 4.168, 3.972, 4.133
0.584, 45.844, 4.043, 4.312, 4.025, 4.168
0.586, 45.965, 4.007, 4.670, 4.509, 4.204
0.588, 45.844, 3.954, 4.151, 4.043, 4.007
0.590, 45.965, 3.810, 4.168, 4.043, 4.168
0.592, 45.804, 3.989, 4.294, 3.989, 3.882
0.594, 45.925, 3.685, 4.276, 3.954, 3.900
0.596, 45.965, 3.954, 4.294, 3.775, 3.954
0.598, 45.885, 3.810, 4.365, 3.900, 4.025
0.600, 45.885, 3.757, 4.455, 3.972, 3.936
0.602, 45.804, 3.685, 6.586, 3.882, 3.989
0.604, 45.925, 3.972, 5.726, 4.025, 3.989
0.606, 45.925, 3.936, 6.998, 3.882, 3.667
0.608, 45.764, 3.864, 7.302, 3.810, 3.972
0.610, 45.885, 3.810, 6.264, 3.775, 3.918
0.612, 45.885, 3.613, 7.517, 3.810, 3.936
0.614, 46.005, 3.810, 5.350, 3.882, 3.936
0.616, 46.126, 3.846, 4.992, 3.810, 5.064
0.618, 46.005, 3.685, 10.007, 3.434, 4.043
0.620, 45.965, 3.792, 5.673, 3.792, 3.792
0.622, 45.965, 3.757, 5.852, 3.739, 3.828
0.624, 45.925, 3.972, 11.153, 3.703, 3.828
0.626, 46.046, 3.721, 6.085, 3.685, 3.828
0.628, 46.005, 3.703, 5.422, 3.757, 3.792
0.630, 46.046, 3.685, 7.016, 3.613, 3.542
0.632, 45.965, 3.954, 8.896, 3.667, 3.721
0.634, 46.086, 3.542, 6.210, 3.595, 3.757
0.636, 45.119, 3.219, 4.204, 3.667, 3.631
0.638, 46.046, 3.488, 4.204, 3.506, 3.631
0.640, 45.965, 3.470, 4.115, 3.524, 3.757
0.642, 45.925, 3.363, 4.025, 3.613, 3.703
0.644, 45.965, 3.506, 3.972, 3.273, 3.703
0.646, 45.965, 3.345, 4.025, 3.452, 3.560
0.648, 46.005, 3.345, 3.846, 3.560, 3.631
0.650, 46.005, 3.452, 3.936, 3.488, 3.649
0.652, 46.086, 3.273, 3.775, 3.381, 3.595
0.654, 45.925, 3.201, 3.864, 3.434, 3.828
0.656, 45.885, 3.255, 3.757, 3.416, 4.133
0.658, 45.965, 2.628, 3.757, 3.363, 3.542
0.660, 46.005, 3.291, 3.828, 3.416, 3.524
0.662, 46.046, 3.201, 3.757, 3.345, 3.578
0.664, 45.925, 3.166, 2.754, 2.879, 3.488
0.666, 45.885, 3.094, 3.810, 3.273, 3.488
0.668, 46.005, 3.112, 3.739, 3.291, 3.345
0.670, 45.965, 3.112, 3.685, 3.309, 3.416
0.672, 45.885, 3.130, 3.810, 3.237, 3.488
0.674, 46.005, 3.112, 3.685, 3.237, 3.416
0.676, 45.925, 3.058, 3.416, 3.166, 3.398
0.678, 46.005, 3.166, 3.667, 3.094, 3.381
0.680, 45.885, 3.112, 3.667, 3.166, 3.309
0.682, 46.005, 3.166, 3.864, 3.273, 3.201
0.684, 45.925, 3.112, 3.452, 3.094, 3.345
0.686, 46.046, 3.201, 3.004, 3.040, 3.237
0.688, 46.005, 3.237, 3.470, 2.951, 3.219
0.690, 46.046, 2.790, 3.201, 3.022, 3.148
0.692, 45.965, 3.130, 3.381, 3.022, 3.184
0.694, 46.086, 2.951, 3.255, 3.631, 3.148
0.696, 46.086, 3.040, 3.237, 3.040, 3.148
0.698, 45.965, 3.094, 3.309, 3.058, 3.166
0.700, 45.925, 3.309, 3.327, 2.951, 3.184
0.702, 46.046, 2.933, 3.255, 2.933, 3.112
0.704, 46.005, 3.094, 3.327, 2.951, 3.130
0.706, 46.167, 3.130, 3.363, 2.915, 3.112
0.708, 46.046, 3.184, 3.309, 2.915, 3.148
0.710, 46.167, 3.255, 2.915, 2.951, 3.058
0.712, 46.086, 2.987, 3.273, 2.897, 3.130
0.714, 46.046, 2.951, 3.184, 2.861, 3.130
0.716, 46.207, 3.112, 3.201, 2.897, 3.076
0.718, 46.126, 3.112, 3.255, 2.897, 3.076
0.720, 46.126, 3.094, 3.184, 2.807, 3.004
0.722, 46.046, 2.521, 3.201, 2.969, 3.040
0.724, 46.005, 2.915, 3.094, 2.718, 2.915
0.726, 46.086, 2.897, 3.201, 2.843, 2.933
0.728, 46.046, 2.933, 3.076, 2.915, 2.843
0.730, 46.207, 2.951, 3.076, 2.843, 3.058
0.732, 46.288, 3.219, 3.112, 2.861, 3.004
0.734, 46.247, 3.112, 2.969, 2.897, 2.969
0.736, 46.167, 3.040, 3.094, 2.736, 2.969
0.738, 46.126, 3.184, 3.076, 2.861, 2.843
0.740, 46.247, 3.040, 3.058, 2.897, 3.004
0.742, 46.046, 3.022, 3.022, 2.682, 3.058
0.744, 46.126, 3.058, 2.915, 2.825, 2.987
0.746, 46.207, 2.539, 3.094, 2.306, 2.969
0.748, 46.167, 3.022, 3.327, 2.825, 2.915
0.750, 46.086, 2.951, 3.112, 2.843, 2.933
0.752, 46.167, 2.987, 3.184, 2.700, 2.861
0.754, 46.207, 3.040, 3.184, 2.843, 2.718
0.756, 46.167, 3.058, 3.148, 2.825, 2.933
0.758, 46.086, 2.897, 3.184, 2.843, 2.951
0.760, 46.126, 3.148, 3.184, 2.987, 3.076
0.762, 46.046, 2.969, 3.076, 2.807, 3.076
0.764, 46.005, 2.843, 3.022, 2.790, 2.897
0.766, 46.046, 2.987, 3.112, 2.790, 2.915
0.768, 46.086, 2.987, 2.969, 2.825, 2.897
0.770, 46.126, 3.022, 2.915, 2.879, 2.879
0.772, 46.167, 2.843, 3.004, 2.790, 2.879
0.774, 46.207, 3.470, 2.807, 2.807, 2.807
0.776, 46.207, 2.951, 2.897, 2.718, 2.807
0.778, 46.247, 3.004, 3.022, 2.807, 2.736
0.780, 46.086, 3.184, 2.933, 2.861, 2.807
0.782, 46.126, 3.058, 2.879, 2.915, 2.843
0.784, 46.207, 3.076, 2.987, 2.843, 2.843
0.786, 46.167, 3.040, 3.148, 2.790, 2.754
0.788, 46.086, 3.112, 3.273, 2.790, 2.754
0.790, 46.086, 3.058, 2.861, 2.593, 2.772
0.792, 46.126, 2.879, 3.112, 2.790, 2.772
0.794, 46.126, 3.094, 3.219, 2.807, 2.700
0.796, 46.086, 3.058, 3.237, 2.843, 2.754
0.798, 46.086, 2.951, 3.237, 2.718, 2.843
0.800, 46.126, 3.022, 3.004, 2.790, 2.718
0.802, 46.086, 3.166, 3.058, 3.452, 2.736
0.804, 46.086, 3.040, 3.130, 2.521, 2.682
0.806, 46.126, 3.094, 3.219, 2.879, 2.682
0.808, 46.005, 2.987, 3.219, 2.933, 2.736
0.810, 46.207, 2.915, 2.951, 2.772, 2.772
0.812, 46.167, 2.807, 3.130, 2.807, 2.772
0.814, 46.005, 2.879, 3.076, 2.843, 2.396
0.816, 46.086, 3.022, 2.879, 2.861, 2.736
0.818, 46.046, 3.022, 2.987, 2.628, 2.754
0.820, 46.167, 2.951, 3.022, 2.843, 2.790
0.822, 46.126, 2.933, 3.040, 2.915, 2.825
0.824, 46.167, 2.933, 2.360, 2.879, 2.718
0.826, 46.288, 3.022, 3.094, 2.825, 2.754
0.828, 46.086, 2.915, 3.112, 2.772, 2.682
0.830, 46.046, 2.915, 3.524, 2.682, 2.933
0.832, 46.086, 2.843, 3.255, 2.754, 2.700
0.834, 46.126, 2.825, 3.775, 2.700, 2.754
0.836, 46.086, 2.915, 3.685, 2.861, 2.754
0.838, 46.126, 2.772, 3.685, 2.843, 2.807
0.840, 46.086, 2.897, 3.488, 2.790, 2.772
0.842, 46.086, 2.897, 3.595, 2.933, 2.807
0.844, 46.046, 2.485, 3.864, 2.807, 2.915
0.846, 46.046, 2.503, 3.846, 2.807, 2.754
0.848, 46.247, 2.843, 3.488, 2.772, 2.485
0.850, 46.167, 2.897, 3.184, 2.843, 3.506
0.852, 46.126, 2.861, 3.237, 2.718, 5.046
0.854, 46.207, 2.825, 3.076, 2.790, 4.545
0.856, 46.086, 2.790, 2.987, 2.754, 2.861
0.858, 46.005, 2.843, 3.040, 2.700, 5.333
0.860, 46.207, 2.754, 2.951, 2.861, 3.989
0.862, 46.126, 2.825, 3.040, 2.700, 9.523
0.864, 46.086, 2.825, 2.825, 2.772, 6.855
0.866, 46.086, 2.790, 2.790, 2.861, 3.989
0.868, 46.207, 2.843, 2.861, 2.772, 3.667
0.870, 46.207, 2.700, 1.715, 2.790, 7.034
0.872, 46.046, 2.879, 2.790, 2.807, 7.428
0.874, 46.086, 2.772, 2.897, 2.145, 7.517
0.876, 46.167, 2.700, 2.861, 2.861, 5.923
0.878, 46.126, 2.915, 2.861, 2.825, 7.499
0.880, 46.167, 2.557, 2.879, 2.825, 3.685
0.882, 46.086, 2.611, 2.879, 3.058, 3.094
0.884, 46.046, 2.467, 2.915, 2.807, 3.398
0.886, 46.167, 2.718, 2.933, 2.807, 3.434
0.888, 46.086, 2.682, 2.915, 2.772, 3.255
0.890, 46.086, 2.628, 2.915, 2.843, 4.491
0.892, 45.925, 2.646, 2.790, 2.897, 5.458
0.894, 46.167, 2.646, 2.843, 2.915, 4.401
0.896, 46.167, 2.664, 2.879, 2.861, 5.153
0.898, 46.247, 2.700, 2.825, 2.879, 4.598
0.900, 46.207, 2.682, 2.861, 2.825, 5.225
0.902, 46.167, 2.897, 2.807, 2.843, 4.759
0.904, 46.207, 2.825, 2.879, 2.825, 4.777
0.906, 46.288, 2.879, 2.951, 2.736, 4.186
0.908, 46.368, 2.861, 2.539, 2.897, 4.473
0.910, 46.288, 2.861, 2.879, 2.682, 4.061
0.912, 46.126, 2.754, 3.542, 2.772, 4.580
0.914, 46.247, 2.807, 2.807, 2.807, 4.509
0.916, 46.288, 2.825, 2.700, 2.754, 3.416
0.918, 46.126, 2.790, 3.130, 2.682, 3.309
0.920, 46.207, 2.915, 2.790, 2.772, 3.094
0.922, 46.207, 1.643, 2.915, 2.664, 2.790
0.924, 46.207, 2.861, 2.879, 2.736, 2.825
0.926, 46.207, 2.897, 2.915, 2.682, 2.306
0.928, 46.167, 2.861, 2.861, 2.736, 5.333
0.930, 46.247, 2.897, 2.790, 2.575, 3.327
0.932, 46.207, 2.807, 2.951, 2.718, 3.703
0.934, 46.167, 2.718, 2.861, 2.807, 4.348
0.936, 46.167, 2.628, 2.879, 2.736, 4.186
0.938, 46.207, 2.861, 2.825, 2.628, 3.595
0.940, 46.207, 2.897, 2.879, 2.790, 3.470
0.942, 46.207, 2.790, 2.646, 3.022, 3.775
0.944, 46.126, 2.790, 2.897, 2.772, 3.667
0.946, 46.207, 2.736, 3.255, 2.790, 3.792
0.948, 46.288, 2.754, 2.843, 2.790, 3.900
0.950, 46.247, 2.718, 2.790, 2.772, 4.007
0.952, 46.247, 2.754, 2.807, 2.754, 3.363
0.954, 46.207, 2.539, 2.790, 2.682, 3.792
0.956, 46.247, 2.772, 2.593, 2.754, 4.043
0.958, 46.247, 2.646, 2.843, 2.807, 3.792
0.960, 46.126, 2.682, 2.790, 2.825, 3.631
0.962, 46.167, 2.700, 2.843, 2.145, 3.542
0.964, 46.167, 2.682, 2.843, 2.897, 4.151
0.966, 46.167, 2.682, 2.879, 2.754, 3.792
0.968, 46.086, 2.646, 2.807, 3.130, 3.631
0.970, 46.167, 2.700, 2.879, 2.772, 3.667
0.972, 46.207, 1.446, 2.861, 2.682, 3.595
0.974, 46.207, 2.700, 2.593, 2.807, 3.381
0.976, 46.207, 2.718, 2.790, 3.506, 3.434
0.978, 46.167, 2.843, 2.790, 2.790, 2.933
0.980, 46.086, 2.772, 2.807, 2.825, 2.951
0.982, 46.247, 2.575, 2.736, 2.772, 3.363
0.984, 46.167, 2.646, 2.843, 2.736, 2.288
0.986, 46.207, 2.449, 2.843, 2.807, 4.580
0.988, 46.328, 2.557, 2.843, 3.595, 3.309
0.990, 46.328, 2.449, 2.861, 2.700, 3.363
0.992, 46.247, 2.467, 2.736, 2.843, 3.363
0.994, 46.288, 2.664, 2.861, 2.825, 3.273
0.996, 46.247, 2.449, 2.843, 2.843, 3.381
0.998, 46.288, 2.593, 2.682, 2.807, 3.345
1.000, 46.368, 2.664, 2.843, 2.754, 3.416
