9.5721
9.5762
9.5804
9.5846
9.5887
9.5929
9.5971
9.6013
9.6054
9.6096
9.6138
9.6179
9.6221
9.6263
9.6304
9.6346
9.6388
9.643
9.6471
9.6513
9.6555
9.6596
9.6638
9.668
9.6722
9.6763
9.6805
9.6847
9.6888
9.693
9.6972
9.7014
9.7055
9.7097
9.7139
9.718
9.7222
9.7264
9.7305
9.7347
9.7389
9.7431
9.7472
9.7514
9.7556
9.7597
9.7639
9.7681
9.7723
9.7764
9.7806
9.7848
9.7889
9.7931
9.7973
9.8015
9.8056
9.8098
9.814
9.8181
9.8223
9.8265
9.8306
9.8348
9.839
9.8432
9.8473
9.8515
9.8557
9.8598
9.864
9.8682
9.8724
9.8765
9.8807
9.8849
9.889
9.8932
9.8974
9.9016
9.9057
9.9099
9.9141
9.9182
9.9224
9.9266
9.9307
9.9349
9.9391
9.9433
9.9474
9.9516
9.9558
9.9599
9.9641
9.9683
9.9725
9.9766
9.9808
9.985
9.9891
9.9933
9.9975
10.002
10.006
10.01
10.014
10.018
10.023
10.027
10.031
10.035
10.039
10.043
10.048
10.052
10.056
10.06
10.064
10.068
10.073
10.077
10.081
10.085
10.089
10.093
10.098
10.102
10.106
10.11
10.114
10.118
10.123
10.127
10.131
10.135
10.139
10.143
10.148
10.152
10.156
10.16
10.164
10.168
10.173
10.177
10.181
10.185
10.189
10.194
10.198
10.202
10.206
10.21
10.214
10.219
10.223
10.227
10.231
10.235
10.239
10.244
10.248
10.252
10.256
10.26
10.264
10.269
10.273
