x1, x2, x3, x4, x5, x6, x7, x8, x9, x10, y1, y2, y3, y4, y5, y6, y7, y8, y9, y10
802.66,784.52,800.58,838.1,911,1013.5,1084.3,1119,1134.6,1119.7,831.63,769.83,765.42,821.45,873.17,871.27,816.88,759.33,762.9,825.13
802.56,784.59,801,837.9,910.95,1013.5,1084,1119,1134.4,1119.8,831.8,769.93,765.41,821.55,873.25,871.5,816.79,759.26,762.8,825.19
802.56,784.62,801,838.25,911.09,1013.8,1084,1119,1134.4,1119.8,831.8,770,765.41,821.4,873.09,871.5,816.79,759.26,762.8,825.06
802.56,784.5,801,838.25,911.09,1013.8,1084.1,1119,1134.5,1120,831.8,770.2,765.41,821.4,873.09,871.5,816.7,759.26,762.83,825.21
802.56,784.69,800.94,838.25,911,1013.8,1084,1119,1134.9,1120,831.8,770.13,765.48,821.4,873,871.5,816.67,759.26,762.86,825.21
802.56,784.69,800.88,837.89,911.09,1013.8,1084,1119,1134.9,1120,831.8,770.13,765.41,821.42,873.09,871.5,816.67,759.26,762.86,825.21
802.65,785,800.71,838,911,1013.6,1084.3,1119,1134.9,1119.9,831.73,770,765.5,821.33,873,871.53,816.88,759.26,762.95,825.27
802.5,784.91,800.16,837.63,911.09,1013.5,1084.6,1118.9,1135,1120.2,831.88,769.94,765.31,821.47,873.09,871.5,816.83,759.33,763,825.16
802.24,784.37,800.19,837.39,911.09,1013.6,1084.8,1119.1,1135.1,1120.2,832.04,769.73,765.45,821.22,873.09,871.53,816.82,759.24,763,825.16
801.88,783.81,799.55,837.36,911.09,1013.5,1084.9,1119.8,1135.5,1120.5,831.96,769.9,765.58,821.32,873.09,871.5,816.59,759.31,762.88,825.1
801.16,783.1,798.93,837.08,911,1013.8,1085.3,1120.6,1135.6,1120.9,832.16,770.06,765.53,821.08,873,871.25,816.56,759.3,762.91,824.94
801,782.88,798.28,836.61,911,1013.7,1085.4,1120.7,1136.1,1121.2,832,770.12,765.66,821.13,873,871.37,816.47,759.59,762.91,825.16
800.48,781.9,797.17,836.15,911,1013.9,1086,1121.3,1136.7,1121.4,832.39,770.45,765.9,821.2,872.67,871.41,816.5,759.41,763.14,825.05
800.12,781.18,796.66,835.56,911.22,1013.6,1086,1122.4,1137,1122,832.59,770.45,765.56,821.08,872.5,871,816.5,759.39,763.09,825.1
799.5,780,795.29,834.86,911.05,1013.6,1086.9,1122.7,1137.8,1122.2,832.38,770.76,765.89,821,871.9,870.6,816.19,759.34,763.12,825.16
799.13,778.63,794.57,834.5,911.16,1013.5,1086.6,1123.6,1138.7,1122.5,832.83,770.89,765.67,820.5,871.16,870,815.54,759.37,763.13,825.14
798.12,776.89,793.26,833.86,911.36,1013.8,1087.4,1124.6,1139.7,1123.1,833.41,771.25,765.65,820,870.21,869.5,815.08,759.18,763.35,824.91
797.32,775.65,791.66,832.87,911.09,1013.5,1088.4,1126.5,1140.8,1124,833.14,771.73,765.56,819.39,869.09,868.5,815.32,759.62,763.8,825.21
796.6,773.91,789.46,831.86,911.16,1013.6,1089,1127.4,1142.1,1124.2,832.96,771.94,765.93,819,868.16,867.53,814.5,759.19,763.91,825.5
795.44,771.97,787.52,830.68,911.16,1013.4,1089.8,1128.8,1143.8,1125.2,833.08,772.79,766,818.05,866.84,866.53,813.84,759.13,764.04,825.5
794.54,769.93,785,829.95,911.27,1013.9,1090.3,1130.4,1145.6,1126.1,833.19,773.07,766.38,817.1,865.05,865.28,813.35,759.08,764.39,825.6
793.44,767.1,783,828.68,911.32,1013.7,1091.3,1132.7,1147.5,1127.1,833.92,773.97,766.78,817.05,863.95,863.5,812.39,759.23,765.04,825.89
792.37,765.03,780.23,827.52,911.09,1013.5,1092.4,1134.8,1149.4,1128.4,834.53,775.03,767.12,815.62,862.09,862,811.95,759.42,765.11,826.4
791.14,762.62,777.74,826.33,911.25,1013.5,1093.3,1137,1151.6,1129,835,775.86,767.32,815.06,860.25,860.5,810.96,759.69,766.08,826.5
789.52,759.45,775.03,825,911,1013.6,1094.1,1139.2,1153.8,1130.6,835.26,777,767.67,813.5,858,858.21,810.41,759.9,766.8,826.75
788.39,757.15,771.93,823.56,910.96,1013.2,1095.3,1141.4,1156.8,1131.7,835.65,778.63,768.37,812.8,855.4,856.14,808.96,760.17,767.5,827
787.13,754,769.16,822.25,910.88,1013,1096.4,1144.3,1159.7,1132.8,836.58,779.66,769,811.4,852.67,853.5,807.71,760.35,768.71,827.4
785.69,751.06,766.1,820.67,910.76,1012.8,1097.5,1147.4,1161.4,1134.1,836.88,781.32,769.58,809.88,849.4,851.16,806.5,760.64,769.75,828.2
784.24,747.83,762.88,818.9,910.13,1012.4,1098.8,1149.8,1164.7,1135.1,837.8,782.9,770.48,808.86,846.33,847.74,805.09,760.86,771,828.41
782.88,745.15,760,817.43,910.08,1012.1,1100.1,1152.6,1167.1,1136.5,838.96,784.88,770.78,807.24,842.56,844.56,803.7,761.26,771.96,829.2
781.52,742.32,757.1,816.05,909.58,1012.2,1101.2,1155.1,1169.7,1137.8,839.26,787.14,771.43,805.19,839.11,841.13,801.87,761.57,773.36,829.5
780.5,739.44,753.67,814.67,909.5,1012,1102.2,1157.5,1172.8,1138.8,840.5,788.92,772.26,802.88,834.73,837.14,800.16,762,774.96,830.4
779.5,737.13,751.19,813.39,909.07,1011.8,1103.1,1159.6,1175.3,1140,841.17,790.83,772.89,800.91,829.93,832.83,797.48,762.08,776.42,831
778.5,734.63,748.65,811.75,908.35,1011.7,1104,1162.5,1177.4,1141,841.73,792.47,773,798.25,825.1,828.15,795.14,762,777.78,831.33
777.33,732.84,746.5,810.64,908.06,1011,1105.1,1164.5,1179.3,1142.5,842.88,794.32,773,795.46,819.81,822.88,792.91,761.86,778.96,832.29
776.5,731.27,744.5,809.47,907.94,1010.6,1105.8,1166.5,1181.5,1143.1,843,795.77,773,791.94,814.43,817.89,789.44,761.73,780.36,832.7
776,729.56,742.62,808.16,907.06,1010.2,1106,1167.9,1182.7,1144,843.83,797.08,772.57,789,808.43,812.1,786.5,760.78,781.15,833.33
775.27,728.5,741.34,806.9,906.89,1010.3,1106.8,1169.4,1184.4,1144.2,844.18,798.17,771.21,785.17,802.5,806.33,782.76,760,782.47,833.5
774.78,727.38,739.67,805.97,906.17,1010.1,1107.4,1170.8,1185.3,1144.8,844.87,798.95,770.88,781.52,796.6,799.94,779.41,758.88,783.03,833.84
774.57,727,738.9,805.17,905.81,1009.8,1107.9,1171.6,1186.5,1145.3,844.91,799.29,768.69,777.34,790.32,793.55,774.96,757.27,784.13,834.27
774.5,726.32,738.12,804.27,905.13,1009.2,1108.1,1172.3,1186.9,1145.9,844.91,800.05,767.31,773.67,782.89,786.72,770.58,755.88,784.42,834.4
774.14,726.12,737.5,803.77,904.64,1009,1108.3,1172.5,1187.6,1146.1,845,800.59,765.5,769.23,776.56,779.5,765.76,753.93,784.65,834.6
774.09,726.11,737,803.14,904.14,1008.9,1108.5,1173.1,1188.1,1146.4,844.91,800.42,763.5,764.23,769.5,773.24,761.69,751.96,784.91,834.62
774.09,726.12,736.94,802.94,904.08,1008.6,1108.2,1173,1188,1146.4,844.91,800.41,761.09,759.79,762.82,765.42,756.5,749.37,784.75,834.62
774.33,726.37,737,802.37,903.22,1008.4,1108.2,1173.1,1187.7,1146.3,845.14,799.95,758.5,754.97,755.9,758.16,751.43,746.71,784.68,834.5
774.57,726.75,737,802.14,902.74,1008.4,1108.2,1173,1187.4,1146.3,844.81,799.25,756.5,750.23,748.77,751.05,746.51,744.5,784.48,834.5
774.52,727.4,737.25,802.05,902.21,1008.3,1108,1172.5,1187,1146.1,844.62,798.96,753.69,745.24,741.84,743.58,740.92,742,784,834.29
774.72,727.64,737.53,802.03,902.03,1008.4,1108.1,1172.2,1186.1,1145.5,844.39,798.55,750.97,740.23,734.36,735.82,735.41,739.44,783.91,834.5
775.37,728.5,737.9,801.97,901.94,1008.3,1108,1171.8,1186,1145,844.47,797.73,748.17,735.18,727.44,728.14,730.5,736.56,783.1,834
775.64,729.32,738.63,801.95,901.39,1007.8,1107.8,1170.9,1185.2,1144.7,843.91,797.04,745.17,730.08,719.39,720.82,724.81,733.56,782.87,833.61
776.14,729.63,739.36,802,901.18,1007.8,1107.1,1170.2,1184.4,1144,843.67,796.47,742.36,725,712.31,713.05,719.41,730.65,782.15,833.33
776.57,730.78,739.85,802.29,900.81,1007.8,1106.5,1169.1,1183.5,1144.2,843,795.87,739.46,719.9,705.1,705.05,713.82,727.09,781.21,833.16
776.74,731.59,740.59,802.63,900.52,1007.6,1106,1168.2,1182.7,1143.6,842.96,794.93,736.34,714.63,697.91,697.49,708.19,724.43,780.88,832.71
777.39,732.58,742,803,900.45,1007.2,1105.4,1167,1181.5,1143,842.78,794.42,733,709.5,690.53,689.61,702.41,720.68,780,832.5
777.86,733.69,743.09,803.37,900.23,1007.1,1104.5,1166,1180.6,1142.5,842,792.88,730,704.37,683.23,682.11,697.13,717.81,779.08,832.25
778.32,734.92,744.23,803.98,900.05,1007,1104,1164.1,1179.1,1142.1,841.6,792.31,726.63,699.27,676.08,674.43,691.21,714.16,778.46,831.75
778.69,736.17,745.53,804.35,899.89,1006.7,1102.9,1162.6,1177.6,1141,840.88,791,723.31,693.88,668.59,666.74,685.71,711.03,777.8,831
779.5,737.33,746.57,805.02,899.55,1006.6,1102,1160.9,1176.8,1140.2,840.73,790.15,719.95,688.61,661.57,659.06,680,707.4,776.95,830.84
780.5,738.83,748.28,805.62,899.43,1006.6,1101.3,1159.3,1174.8,1140,840.5,788.9,717.28,683.31,654.93,652.02,674.25,704.63,775.74,830.5
780.64,739.76,749.88,806.36,899.21,1006.6,1100.3,1157.4,1173.2,1139,839.54,788.29,713.58,678.29,647.19,644.62,668.58,700.94,774.9,830.33
781.5,741.59,751.31,806.86,898.87,1006.2,1099.4,1155.6,1171.2,1138.2,839.17,786.93,710.09,673.17,640.92,637.23,663.51,697.16,773.77,829.94
782.14,743.19,753,807.92,898.84,1006.2,1098.3,1153.5,1169.2,1137.4,839,786.28,707.18,668.18,633.62,629.68,657.77,694.1,772.9,829.24
782.5,744.93,754.92,808.43,898.67,1006.1,1096.9,1151.4,1167.4,1136.5,838.73,784.86,703.66,663.34,626.6,622.84,652.71,690.84,771.83,828.73
783.6,747,756.95,809.15,898.52,1005.6,1095.8,1148.9,1165.2,1135.9,837.96,783.78,700.35,657.83,620.15,615.27,648.07,687.46,770.9,828.59
784.3,748.59,758.86,810.3,898.24,1005.5,1094.5,1146.6,1163.1,1134.9,837.07,782.81,697.05,653.13,613.47,609,642.91,684.47,769.83,827.7
784.76,750.94,760.88,811.08,897.92,1005.5,1093.4,1144.1,1160.8,1134,836.8,781.23,694.4,647.84,607.04,602.35,637.73,681.03,768.84,827.33
785.52,752.84,763.08,812.42,897.79,1005.4,1092.1,1141.5,1158.4,1133.3,836.48,780.28,691.03,643.95,600.42,595.29,632.78,678,767.75,826.77
786.41,754.88,765.1,813.15,897.52,1005.2,1090.8,1139.1,1155.6,1132.4,835.93,779.24,687.79,639.38,594.07,588.95,628.06,674.58,766.63,826.23
787.41,756.88,767.86,814.28,897.39,1005.2,1089.3,1135.6,1153,1131.8,835.28,777.61,684.61,633.95,588.04,582.35,622.4,671.1,765.17,825.18
787.88,758.97,770.46,815.2,897.57,1005,1087.7,1133.1,1150.7,1130.8,834.79,776.56,681.12,629.51,582.14,575.33,618.4,668.13,763.93,824.68
788.64,761.09,772.79,816.37,897.47,1004.9,1086.5,1129.9,1148.2,1130.2,834.55,775.2,678.16,625.79,576.22,568.97,613.41,665.11,762.77,824.16
789.04,763.69,775.47,817.5,897.34,1005,1084.8,1126.9,1145,1129,833.84,774.11,675.26,621.11,570.41,562.82,608.71,661.81,761,822.83
789.61,766.03,777.78,818.66,897.39,1005,1083.3,1123.5,1142.5,1128.4,833.13,772.57,671.96,616.09,564.59,556.81,603.54,658.5,759.74,821.96
789.86,768.3,780.5,819.82,897.38,1005.3,1081.8,1120.2,1139.5,1127.7,832.81,771.16,669,611.84,558.71,551.1,598.94,655.24,758.69,821.13
790.8,770.81,783.24,820.87,897.19,1005.5,1080.4,1116.8,1136.8,1127,831.27,769.9,665.9,607.64,553.69,544.59,594.76,651.98,756.84,819.5
791.35,773.19,786.12,822.33,897.22,1005.1,1078.5,1113.7,1133.4,1126.2,830.85,768.31,662.97,603.59,548.33,539.57,590.5,648.91,754.85,818.5
791.6,775.84,789.3,823.79,896.86,1004.7,1076.7,1109.4,1130.4,1125.7,829.96,766.87,659.68,599.95,542.96,534.12,585.83,645.51,753.15,816.96
792.56,778.83,792.39,825,896.75,1004.8,1074.6,1106,1127.1,1124.6,829.08,765.23,656.8,595.85,537.95,528.61,581.39,642.68,751.22,815.08
792.63,781.26,795.4,826.22,896.77,1004.9,1072.7,1102.3,1124,1124,827.37,763.29,653.6,591.84,532.7,524.06,577.21,639.45,749.31,813.5
793.4,784,798.62,827.79,896.71,1004.7,1070.7,1098.9,1120.9,1122.6,826.76,761.5,650.57,587.95,527.98,519.14,572.95,636.41,747.21,811.07
794.14,786.9,801.95,829.15,896.63,1004.6,1069.8,1095,1117.8,1122,825,759.65,647.71,583.9,522.72,514.4,569.02,633.51,745.15,809.27
794.35,789.58,805.2,830.6,896.65,1004.3,1068,1091.3,1114.7,1120.5,823.54,758.27,644.98,580.23,518.15,509.37,564.7,630.41,743.17,807
795.27,792.4,808.62,832.23,896.61,1004.4,1066.6,1087.8,1111,1120,821.48,756.29,642.07,576.23,513.78,504.73,560.8,627.4,740.54,804.83
795.45,795.23,812,833.51,896.47,1004,1064.5,1083.8,1107.9,1118.6,819.58,754.33,639,572.53,509.42,500.51,556.8,624.6,738.13,801.71
796.45,798.23,815.36,834.71,896,1003.4,1063.5,1079.9,1104.5,1117.4,817.58,752.33,636.4,568.9,505.42,495.84,553.55,621.36,735.5,798.93
796.86,800.91,818.52,836.47,895.75,1003.3,1061.9,1076.5,1101.2,1116,815.39,750,633.38,565.51,501.27,491.62,549.39,617.96,732.9,796
797.5,803.87,822.32,837.91,895.63,1003.1,1060.4,1073.2,1098,1114.4,813.5,747.6,630.8,562.18,497.22,487.79,545.71,615.33,729.98,792.96
798.41,806.93,825.76,839.49,895.5,1002.9,1058.1,1069.8,1095.5,1112.6,810.93,745.4,627.88,558.77,493.64,484.42,541.62,611.84,727.43,789.68
799.5,810.08,828.88,840.92,894.79,1002.7,1056.3,1067.3,1091.8,1111.1,808.19,742.96,625.19,555.54,489.88,480.75,538.15,609.06,724.4,786.83
800.5,813.02,832.2,842.32,894.78,1002.1,1054.3,1063.6,1089.2,1109.3,805.2,740.4,622,552.05,486.13,476.87,534.61,605.86,721.68,783.59
801.53,815.77,835.23,843.76,894.5,1002.1,1053.4,1061,1085.9,1107.2,802.34,737.49,619.36,549,482.64,473.74,531.54,602.89,718.51,780.73
802.5,819.05,838.14,844.95,893.73,1001.7,1050.8,1058.2,1083.4,1105.3,798.67,735.13,616.67,546.07,479.5,470.28,529.3,599.85,715.71,777.24
803.97,821.88,840.79,845.88,893.64,1001.3,1049.6,1055.7,1080.4,1103.2,795.83,731.79,613.83,543.12,476.24,466.53,525.12,596.66,712.77,774.8
805.32,824.49,843.24,846.5,893.12,1001,1049.4,1053.5,1077.5,1100.8,793,729.2,610.94,540,472.62,463.17,522.17,593.5,709.82,771.9
807,827.06,845.83,847.83,892.76,1000.7,1046.9,1051.3,1075.3,1098.4,789.5,725.7,607.83,537.05,469.59,459.87,519.49,590.56,707.59,769.32
808.74,829.36,848,848.84,892.6,1000.7,1046.8,1050,1073,1095.9,786.84,723.4,605,533.93,466.36,456.84,516.71,587.54,704.59,766.94
810.26,832.11,850.04,849.38,892.31,1000.3,1044.9,1048.7,1070.7,1093.1,783.89,720.22,602.2,531.02,463.13,453.5,513.4,584.9,701.83,764.58
812.37,834.25,851.64,850.22,891.71,1000,1044,1046.8,1068.3,1091.1,781.37,717.63,599.74,528.06,460.24,450.5,510.77,581.47,699.45,762.32
814.27,836.92,853.54,850.28,891.43,999.88,1043.8,1046.1,1066.3,1088.1,778.49,714.95,596.67,525.53,457.02,447.28,507.32,579.12,697.47,760.25
816.76,838.92,854.95,850.83,891.34,999.4,1043.4,1044.7,1064.2,1085.2,775.78,712.56,593.7,522.52,454.59,444.4,504.75,575.93,695,758.61
818.95,840.88,855.8,851.77,891.02,999.08,1043,1043.6,1062.4,1082.2,773.57,709.86,591.02,519.88,450.72,441.31,501.7,572.92,692.43,756.87
821.1,842.97,856.71,852,890.5,999,1042.9,1042.8,1060.8,1079.3,771.49,707.37,588.49,517.38,448.5,438.5,498.94,570.23,690.15,754.83
823.59,844.79,857.8,851.95,890.37,998.62,1042.4,1042.1,1059.1,1076.1,769.33,705.36,585.63,514.7,445.9,435.62,496.54,567.46,688,753.06
825.87,846.64,858.6,852.02,889.6,997.67,1040.3,1041.2,1057.1,1073,767.63,703.4,583.38,512.06,443.36,432.44,492.98,564.68,685.92,751.5
828.89,848.05,858.86,852.28,889.5,997.11,1040.2,1043,1055.4,1069.9,766.11,701.2,580.68,509.46,441,429.49,490.58,561.95,683.76,749.97
831.75,849.54,859.1,852.49,889.48,997.12,1040,1041.6,1053.8,1066.9,764.84,699.23,577.96,507,438.36,427.37,488.14,559.88,681.89,748.8
834.28,851.19,858.88,852.68,889.05,997.62,1039.8,1040.3,1052.1,1063.3,763.41,697.33,575.85,504.54,435.53,425.52,485.74,557.33,679.57,747.1
837,852.35,859,852.66,888.63,997.37,1039.5,1040.1,1050.7,1059.5,761.88,695.3,573.5,502.23,433.07,423.89,483.1,555.11,677.75,745.68
840.24,853.83,858.74,852.42,888.5,996.66,1040.6,1040.2,1049.5,1056.5,760.86,693.42,571.53,499.94,431.07,420.07,481.63,553.32,675.67,744.19
843.38,855.2,858.78,852.3,888.21,996.51,1040.6,1039.6,1046.2,1053.1,759.4,691.52,569.24,497.78,428.9,418.33,479.42,550.5,674.53,742.83
846.59,856.52,858.54,851.84,887.6,996.18,1040.4,1039.7,1045,1049.7,758.24,689.89,567.15,495.38,426.64,415.82,477.4,548.62,672.74,741
849.74,857.8,858.83,851.5,887.6,995.93,1040.3,1042.1,1044,1046.1,757.18,688.41,565.05,493.5,424.64,414.04,475.28,546.68,671.05,739.46
853.1,859.11,858.92,851.18,887.21,995.62,1039.7,1042.8,1042.6,1042.8,755.9,687.18,563.26,491.65,422.67,412.19,472.25,544.57,668.65,738.06
856.31,860.44,858.16,850.97,887,995.3,1039.8,1042.8,1041.3,1039.5,754.97,685.56,561.39,489.79,420.91,410.26,470.57,542.57,667,736.74
859.66,861.96,857.65,850.83,886.77,994.92,1040.3,1043,1040.6,1035.8,753.41,684.2,559.52,487.9,419.16,408.1,468.73,540.21,665.56,734.79
863,863.28,856.86,850.72,886.72,994.94,1040,1043,1039.3,1032.4,752,682.47,558.03,486.53,417.23,406.45,466.83,538.79,663.48,732.97
866.24,864.5,855.92,850.23,886.54,994.5,1040.6,1043.3,1038.7,1029,750.86,681.41,556.43,485.3,415.28,404.85,465.58,537.05,661.75,731.52
869.9,865.43,855.15,849.21,886.33,994.27,1040.7,1043.6,1036.9,1025.7,749.51,679.64,555.03,483.52,414.17,402.8,464.04,535.51,660,729.53
873.15,867,854.33,849,885.76,994.11,1040.5,1044.3,1034.4,1022.5,748.31,678.23,553.83,481.63,412.63,400.98,462.21,533.92,658.82,727.5
876.37,868.28,854.28,848.48,885.45,993.59,1041.1,1044.4,1034.3,1018.9,746.92,677.35,551.86,480.75,411.26,399.54,460.5,531.57,657.33,725.7
879.79,869.3,853.41,848.1,885.07,993.4,1041.1,1044.7,1033.1,1015.5,745.34,675.57,551,479.49,409.88,398.4,459.21,530.48,655.4,723.56
883.36,870.33,852.94,846.89,885.05,993.24,1041.2,1044.5,1031.7,1012.5,743.51,674.38,549.57,478.08,408.74,396.6,457.34,529.24,653.63,721.56
886.38,871.53,852.33,846.64,884.87,993,1041.3,1044.8,1030.1,1009.5,742.4,673.6,548.61,477.31,407.44,395.59,456.43,527.74,652.11,719.7
889.71,872.93,851.91,846.08,884.59,992.74,1040.7,1045,1028.2,1006.4,740.46,671.87,547.45,476.08,406,394.43,455.23,527,650.32,717.67
893.03,873.8,850.86,846.14,884.74,992.6,1041.2,1045.5,1026.5,1003.2,738.76,670.31,546.7,475.59,405.17,393.14,453.81,525.44,648.69,715.62
895.85,874.71,850.32,846.18,884.38,992.33,1041,1045.7,1025.2,999.92,737.12,669.62,546,474.27,404.19,392.4,453.41,524.91,647.06,713.26
899,875.6,850.05,846.14,884.26,992.29,1041.1,1045,1023.5,997.19,735.35,667.91,545.32,473.59,403.3,391.24,451.72,523.62,645.55,711.25
902.17,877.25,849.33,845.35,883.56,992.18,1041.2,1044.1,1022.6,994.13,733.4,667,544.25,472.65,402.44,390.6,451.44,523.27,644.16,708.87
905.41,878.09,848.92,844.63,883.44,991.96,1041.4,1043.8,1022.9,991.39,731.49,665.3,543.44,471.74,401.92,389.6,449.53,522.1,642.78,706.53
908.16,878.64,847.97,844.42,883.57,991.56,1041.3,1043.4,1022,988.66,729.55,664,543.08,471.42,401.43,388.98,449.38,521.28,641.26,704.69
910.89,879.21,847.8,843.5,883.24,991.44,1041.4,1043.6,1020.3,985.5,727.51,663.18,542.12,470.14,400.22,388.11,448.03,519.22,639.72,702
913.47,879.58,847.28,843.3,883.38,990.98,1041.1,1043.7,1019.1,983.18,725.71,662.26,541.53,469.76,399.62,387.32,447.61,519.37,638.08,699.97
916.29,880.4,846.59,843.03,883.19,991.08,1041.2,1044.8,1018.9,980.62,723.74,661.51,541.49,469.53,399.42,386.88,447.24,518.57,636.79,697.68
918.91,880.92,846.59,842.12,882.7,991.06,1041.1,1045.4,1017.7,978.09,721.46,660.25,541.46,469.38,398.95,386.36,446.43,518.33,635.42,695.46
921.06,882.36,846.13,842.1,882.56,990.56,1041.2,1045,1017,975.5,719.67,659.18,540.92,468.97,398.56,385.47,446,517.57,633.85,692.5
921.5,881.82,845.4,841.67,882.5,990.67,1041.3,1045.9,1017.4,975.16,718.81,658.7,540.45,468.56,398,385.07,445.34,517.15,631.95,690.38
919.92,881.28,844.71,841.76,882,990.33,1041.8,1047.2,1018.3,975.31,719.3,658.09,540.5,468.2,397.92,383.85,444.47,515.87,630.93,688.97
918.81,880.45,843.95,841.5,881.68,990.02,1041,1047.6,1019.5,975.81,719.5,657.79,540.43,468,397.78,383.73,443.69,515.3,629.63,687.06
917.1,879.28,843.73,840.8,881.64,989.83,1040.8,1049,1021,976.39,719.45,657.85,539.56,467.92,397.69,383.07,443.31,514.69,628.5,685.48
915.97,878.45,842.5,841.32,881.61,989.89,1041.4,1050.2,1022.5,976.62,719.42,657.77,539.71,468,397.34,382.77,442.8,514.14,627.38,683.62
914.73,876.61,841.82,840.14,881.38,989.52,1041.5,1051.4,1023,977.15,720.06,658.8,539.69,468,397,382.88,442.16,513.94,626.15,681.73
913.45,875.2,840.49,840.04,881.18,989.13,1042,1052.6,1024.4,977.83,720.16,658.78,539.78,468.09,396.89,382.8,441.47,513.63,625.13,680.1
912,873.72,839.83,839.68,881.26,988.82,1042.9,1054.6,1025.7,978.32,720.5,659.04,540.42,468.16,396.92,382.53,441.79,512.71,623.98,678.41
910.62,872.31,838.24,839.3,881.2,988.72,1043.5,1055.9,1027.2,979.03,721.32,659.45,540.57,468.78,397,382.42,441.76,512.21,623.37,676.97
909,871,837.42,838.68,880.63,988.86,1043.5,1057.5,1028.7,979.43,721.5,659.89,541.58,469,397.44,381.98,441.3,511.56,622.13,675.43
907.46,869.61,836.24,837.81,880.68,988.38,1043.8,1058.5,1029.7,980.26,722.26,660.02,541.38,469.72,397.78,382,440.84,511.46,621.31,673.61
906.33,868.12,835.59,837.29,880.33,988.56,1044.5,1060.8,1031.1,980.94,722.85,660.71,541.51,469.71,397.93,382.07,440.28,511,620.19,672.42
904.97,866.3,833.91,836.7,880.3,988.39,1045.5,1062.3,1032.3,981.28,723.6,661.36,542,470.22,398.13,382.05,440.38,511.45,619.46,671.33
903.24,865.26,832.93,836.38,879.98,988.14,1045.8,1062.5,1034,982.13,724.12,661.74,542.79,470.65,398.68,382.4,440.45,510.92,618.95,669.71
901.73,863.71,831.62,835.03,879.85,987.89,1046.5,1063.8,1035.4,983,724.9,662.43,543.29,470.97,398.93,382.54,440.56,510.77,618.21,668.5
900.65,862.64,830.5,834.61,879.61,987.43,1046.9,1064.9,1036.6,983.85,725.7,663.48,543.32,471.24,399.71,382.51,440.94,510.62,617.49,667.35
899,861.11,829.43,833.66,879.46,987.34,1047,1066.2,1037.8,984.69,726.5,663.87,544.69,472.61,400.26,382.79,441.11,511.02,616.89,666.03
897.26,859.4,828.88,833.15,879.19,987.3,1047.9,1068.1,1039,985.32,727.37,664.98,545.21,473.33,400.86,383.48,441.5,511.11,615.63,665.14
895.97,857.94,827.61,833,879,987.28,1047.6,1069,1040.7,986.31,728.17,665.89,546.16,473.75,401.5,384.4,442.11,511.02,615.52,663.69
894.35,856.87,826.59,831.95,878.83,987.05,1048.7,1071.1,1041.3,987.14,729.41,666.72,547.39,475.29,402.57,384.83,441.85,511.29,614.84,663.39
892.91,855.3,825.48,831.33,878.72,987.07,1049.2,1072.9,1042.8,987.85,730.46,667.67,548.08,475.74,403.4,385.69,442.49,511.33,614.11,661.9
891.44,853.93,824.71,830.98,878.46,986.93,1049.4,1074.5,1045.5,989,731.64,668.7,549.24,477.07,404.08,386.39,443.07,510.97,614.82,661.6
889.62,852.07,823.72,830.55,878.49,986.5,1050.1,1076,1046.1,990.11,732.62,670.07,550.15,477.9,405.1,387.19,443.52,511.12,613.26,660.51
888.2,850.59,822.8,829.85,878.16,986.93,1049.5,1077.7,1047.7,991.35,733.5,671.24,551.42,479.27,406.16,388.32,443.96,511.37,613.47,659.94
886.72,848.93,821.19,829.57,878.07,986.29,1050.9,1078.3,1048.9,992,735,672.3,552.65,480.24,407.47,388.71,444.89,512.8,613.19,659.26
885.03,847.47,820.23,828.75,877.78,986.3,1050.9,1080,1051.3,993.24,736.15,673.64,553.51,481.48,408.46,389.57,445.83,512.44,614.19,658.56
883.63,845.85,818.93,827.88,877.57,986.43,1051.7,1081,1052.8,994.24,737.7,674.94,555.14,483.35,409.95,391.4,446.22,513.27,613.95,657.79
881.66,844.53,817.86,827.05,877.38,986.22,1052.2,1082.8,1052.8,995.21,739.39,676.06,556.19,484.13,411.24,392.62,447.09,514.43,612.66,657.73
880.46,843.11,816.6,826.86,877.12,986,1053.8,1083.1,1054.1,996.61,740.44,677.3,557.57,485.61,412.54,393.42,447.82,515.18,612.44,657.48
878.77,841.19,815.72,826.19,877.15,985.78,1054,1084.3,1055.9,997.5,741.87,678.81,559.15,487.17,413.77,394.82,448.94,515.5,612.67,657.18
877.15,839.54,814.9,825.47,876.93,985.43,1055.2,1085.8,1057.6,998.94,743.4,680.28,560.44,488.22,415.41,395.95,449.38,516.28,612.83,656.57
875.49,838.2,813.74,825.21,876.65,985.35,1055.1,1086.9,1059.5,999.89,744.73,681.65,561.72,489.97,416.7,397.13,451.31,517.33,613.31,656.49
873.62,836.61,812.62,824.63,876.58,985.24,1057.4,1088,1061.4,1001.2,746.62,683.33,563.27,491.45,418.34,398.54,451.28,517.71,614.12,656.03
872,835.22,811.88,824.28,875.69,985.23,1056,1089.1,1063,1002.7,747.93,684.65,564.88,493.22,419.21,400.33,453.26,519.35,614.33,656.39
