# x1, x2, x3, x4, x5, x6, x7, x8, x9, x10, y1, y2, y3, y4, y5, y6, y7, y8, y9, y10
787.23,770.78,786.6,823.72,895.69,998.27,1069.8,1106.8,1121.2,1103.9,829.37,767.03,762.98,819.34,872.55,872.5,819.32,763.23,766.68,828.52
787.29,770.78,787.07,823.88,895.89,998.22,1070,1106.6,1121.1,1104.1,829.33,766.89,763.07,819.41,872.58,872.5,819.1,763.11,766.91,828.41
787.29,770.78,787.07,823.88,895.78,998.21,1070,1106.6,1121.1,1104.1,829.33,766.89,763.07,819.41,872.5,872.37,819,763.11,766.91,828.41
787.44,770.5,787.64,823.88,895.88,998.29,1070,1106.8,1121.1,1104.1,829.3,766.88,762.64,819.41,872.59,872.5,819,763.46,766.91,828.41
787.44,770.69,787.42,823.63,895.88,998.25,1070,1106.8,1121.1,1104.1,829.3,766.81,762.71,819.47,872.59,872.63,819.1,763.46,766.91,828.41
787.42,770.78,787.29,823.63,895.88,998.22,1070,1106.6,1121.1,1104.1,829.19,766.89,762.74,819.47,872.59,872.5,819.1,763.54,766.91,828.41
787.44,770.78,787.29,823.63,895.88,998.22,1070.2,1106.6,1121.1,1104.1,829.08,766.74,762.74,819.47,872.59,872.5,819.16,763.54,766.91,828.41
787.13,770.56,787.11,823.5,895.88,998.12,1070.5,1107,1121.1,1104.4,829,766.8,762.82,819.5,872.59,872.59,819,762.96,766.91,828.4
786.92,770.41,786.61,822.88,895.63,998.25,1070.6,1107.4,1121.4,1104.8,829.08,766.93,762.81,819.12,872.53,872.63,819.09,763.07,766.96,828.56
786.12,769.59,785.46,822.67,895.88,998.4,1070.7,1107.6,1122.1,1104.8,829.12,766.96,762.89,819.04,872.59,872.6,819.13,763.19,766.91,828.53
785.91,768.83,785,822.35,895.88,998.5,1071.1,1108.5,1122.5,1105.4,829.91,767,763.09,819.09,872.59,872.5,819,763.04,767,828.48
785.27,768.52,784.4,821.74,896,998.47,1071.9,1108.7,1123.1,1105.8,829.54,767.26,763.17,818.96,872.35,872.35,819,763.26,766.91,828.5
784.87,767.43,783.28,821.3,896.07,998.59,1072.1,1109.6,1123.6,1106.4,829.78,767.18,763.17,818.85,871.86,872.12,818.91,763.3,766.91,828.53
784.56,766.4,782.28,820.52,896,998.35,1072.6,1110.5,1124.6,1106.5,829.8,767.5,763.17,818.62,871,871.53,818.76,763.04,767.09,828.5
783.78,765.06,780.97,820.11,895.88,998.41,1072.7,1111,1125.5,1107,829.87,767.74,763.03,818.42,870.59,871.12,818.61,762.93,767.04,828.79
783.13,763.41,779.58,819.28,895.95,998.4,1073.3,1112.6,1126.7,1107.8,830,767.93,762.87,817.6,869.76,870.6,818.39,763.24,767.22,828.94
782.05,761.45,778,818.6,896.05,998.5,1074.4,1113.6,1127.8,1108.3,830.19,768.28,763,816.96,868.9,869.5,818,763.3,767.57,828.95
781.38,759.6,776.09,817.5,896.13,998.5,1074.9,1115.1,1129.1,1109.1,830.43,768.96,762.94,816.5,867.69,868.5,817.1,762.97,767.92,828.7
780,758.04,774.09,816.67,895.89,998.11,1075.7,1116.6,1131,1110,830.5,769.21,762.94,815.88,866.44,867.28,816.61,763,768.19,829
779.31,755.89,772,815.5,896,998.47,1076.8,1118.5,1132.8,1110.9,830.96,769.71,763.09,815,865,866.13,816.1,763,768.87,829
778,753.75,769.47,814.12,896,998.16,1077.4,1120.7,1134.9,1112.1,831,770.68,763.25,814.59,863,864.84,815.47,763.43,769.29,829.6
776.52,750.91,766.72,813,896.05,998.16,1078.6,1123.1,1136.9,1112.9,831.48,771.3,763.78,813,861.1,863.16,814.55,763.71,770.15,829.72
775.33,747.97,763.83,811.38,896,998.16,1079.8,1124.8,1139.4,1114.3,831.88,772.87,763.9,812.43,859,861.16,813.75,763.88,771,830.27
773.76,744.81,760.67,810.35,895.91,998.16,1080.6,1127.5,1141.5,1115.5,832.67,773.55,764.45,811.09,856.91,859.16,812.81,764.36,771.5,830.5
772.44,742.06,757.21,808.67,895.95,998.05,1082,1130.3,1144.3,1116.3,833.08,775.12,764.91,809.88,853.68,856.76,811.5,764.42,772.81,831
771.12,738.93,754.33,806.9,895.83,998,1083.5,1133.1,1147,1118.1,833.77,776.83,765.37,808.86,851,854,810.4,764.96,773.78,831.8
769.38,735.83,751.32,805.5,895.39,998,1084.5,1135.8,1149.8,1119.1,834.43,777.9,766.18,807,847.7,851,808.88,765.85,774.96,832.41
768.27,732.59,748.03,804.09,895.31,997.73,1085.8,1138.9,1152.8,1120.2,835.18,779.93,766.58,805.09,843.96,847.5,807.84,765.96,776.71,832.72
766.71,729.44,744.7,802.5,895,997.68,1087,1141.4,1155.3,1122.1,836.14,781.8,767.15,803,839.86,843.64,806,766.43,777.96,833.41
765.32,726.52,741.46,800.8,894.5,997.29,1088,1144.5,1157.8,1122.8,837.05,783.59,767.93,801.08,835.77,839.71,804.1,767,779.28,834.32
764.24,723.52,738.4,799.27,894.31,997,1089.3,1146.7,1161.2,1124.3,837.67,785.59,768.5,798.62,831.5,835.63,801.88,767.27,781.1,834.75
762.86,721.37,735.69,798.17,894.07,996.94,1090.1,1149.2,1163.1,1125,838.59,787.37,768.55,796.43,825.93,830.09,799.56,767.12,782.86,835.19
762.09,719.08,733.63,796.63,893.91,996.57,1091.2,1151.3,1165.3,1126.6,838.91,789.2,768.63,792.84,820.68,825.26,796.88,767.15,784.35,836.47
761.14,717.08,731.46,795.5,893.89,996.26,1092.1,1153.5,1167.2,1127.1,840,790.85,768.36,789.81,814.47,819.45,793.56,767,785.52,836.67
760.11,715.46,729.5,794.5,893.19,996.09,1092.8,1155.3,1169,1128.1,840.42,792.04,768,786.5,808.3,813.32,790.21,766.33,786.96,837.47
759.74,714.17,727.77,793.5,892.75,996.03,1093.5,1156.6,1170.5,1128.5,840.96,793.38,766.96,782.71,802.11,806.89,786.16,765.44,788.2,837.8
759.56,713.5,726.52,792.15,892.21,996.17,1093.8,1158,1171.5,1129,841.08,794.17,765.74,778.39,795.05,800.72,782.39,765,789,838.33
759,712.33,725.46,791.81,892.07,996.03,1094.4,1158.8,1172.5,1129.6,841.63,794.88,764.83,774.06,788.31,793.74,777.73,763,789.73,838.47
758.91,711.9,724.93,791.06,891.95,996.16,1095,1159.5,1172.9,1130.1,841.91,795.7,762.74,769.43,781.08,787.05,773.5,761.39,790.55,838.88
758.37,711.4,724.41,790.45,891.71,996,1095.6,1159.9,1173.6,1130,841.95,795.65,760.62,764.73,774.54,779.37,769,759.59,790.58,839
758.3,711.5,723.93,790.18,891.22,996.05,1095.9,1160,1173.8,1130.1,841.85,795.5,758.41,759.82,766.85,772.05,763.79,757.37,790.76,839
758.52,711.75,724,790.03,890.98,996.1,1096,1160.1,1173.8,1130.1,841.52,795.25,755.79,754.89,759.23,764.38,758.5,754.59,790.84,838.81
758.9,712,724.1,790,890.64,996.21,1096,1160.3,1173.6,1130.3,841.7,795,752.83,749.62,751.51,756.29,753,752.21,790.53,838.88
759.09,712.35,724.4,789.89,890.14,996.14,1095.9,1160,1173,1130.2,841.09,794.47,750.33,744.47,743.93,748.49,747.53,749.35,790.1,838.64
759.22,713.33,724.93,789.95,890.12,996.17,1096,1159.9,1172.3,1129.6,840.91,793.88,747.07,739.08,736.26,740.73,741.9,746.56,789.6,838.38
759.5,713.83,725.29,790,890.07,996.33,1095.9,1159.3,1171.9,1129.1,840.73,793,744.19,733.5,728.48,732.49,736.32,742.85,789.09,838.41
760.16,714.63,725.97,790,890.09,996.36,1095.9,1158.7,1171,1129,840.32,792.47,740.9,728,720.5,724.26,730.68,740.1,788.5,837.79
760.58,715.5,726.9,790.13,890,996.44,1095.4,1158.2,1170.5,1128,840.32,791.73,737.83,722.73,712.88,715.88,724.29,736.65,787.62,837.19
761.09,716.56,727.93,790.77,890,996.38,1094.9,1157,1169.4,1128,839.91,790.8,734.59,717,705.15,707.6,718.68,733,786.93,837
761.56,717.67,728.9,791.21,889.95,996.78,1094.2,1156,1168.5,1127.4,839.08,789.88,731.27,711.46,697.08,699.55,712.38,730.11,786.4,836.76
762.09,718.88,730.07,791.82,889.95,996.67,1094,1154.8,1167.4,1127.1,838.91,788.83,728.07,706,689.08,691.08,706.5,726.2,784.93,836.42
762.5,720.29,731.34,792.12,889.9,996.73,1093.2,1153.6,1166.1,1126.2,838.73,788,724.53,699.93,681.13,682.82,700.76,722.89,784.55,835.94
763.14,721.5,732.73,792.82,889.95,996.78,1092.9,1152.1,1164.7,1125.9,838,787,721.03,694.38,673.26,674.5,694.6,719.07,783.44,835.41
764,723.11,734.29,793.95,890,996.89,1092,1150.6,1163,1124.9,837.62,786.15,717.42,688.98,665.5,666.15,688.4,715.17,782.48,834.91
764.5,724.56,735.97,794.61,889.96,997.06,1091,1148.8,1161.4,1124.5,837,785.08,713.9,683.41,657.6,658.04,681.91,711.79,781.22,834.73
765.2,726.03,737.41,795.42,890.02,997.06,1090.4,1147.1,1159.8,1123.6,836.84,783.59,710.44,677.65,650.27,650.09,676.06,707.84,780.08,834.35
765.74,727.5,739.33,796.36,889.9,997.21,1089.7,1145.1,1158.1,1122.9,835.96,782.86,707.06,671.55,642.59,642.12,669.94,704.03,778.97,833.81
766.67,729.37,741.55,797.5,890.04,997.33,1088.5,1143,1156.3,1122,835.26,781.37,703.34,666.6,634.88,634.24,664.15,700.73,777.96,833
767.59,731.37,743.5,798.57,890,997.17,1087.7,1141.1,1154.3,1120.8,834.93,780.37,699.5,661.09,627.69,626.02,658.24,696.83,776.88,832.77
768.24,733.4,745.68,799.52,889.94,997.44,1086.6,1138.7,1151.8,1120,834.8,779.03,696.24,655.37,620.48,618.46,652.55,693.06,775.74,832
769.04,735.32,747.97,800.59,890.07,997.52,1085.5,1136.2,1149.4,1119.7,834,778,692.71,649.55,612.61,611.1,646.54,689.34,774.64,831.6
769.75,737.5,750.59,801.92,890.31,997.39,1084.5,1133.5,1147,1119,833.4,776.86,689.24,644.54,605.85,603.38,641.48,685.91,773,831
770.35,739.53,753,803,890.42,997.7,1083.3,1130.9,1144.7,1118.1,832.85,775.34,685.83,639.5,598.43,596.25,635.59,682.24,772.03,830.41
771.04,741.88,755.69,804.58,890.38,997.88,1082,1128.2,1142.2,1117.1,832.39,774.24,682.31,634.35,591.97,589.03,630.5,678.53,770.7,829.59
771.56,744.35,758.34,805.74,890.48,998.27,1080.3,1125.2,1139.7,1116.3,831.8,772.84,678.94,629.28,584.77,581.42,625.21,674.63,768.93,828.88
772.59,746.78,761.13,807.37,890.53,998.34,1079.1,1122.1,1136.8,1115.5,830.81,771.32,675.6,624.18,578.66,574.82,619.24,671.21,767.62,827.73
773.5,749.14,764.19,808.62,890.6,998.38,1077.6,1119,1134.5,1114.6,830.5,770.23,672.14,619.55,572.07,567.61,614.27,667.5,766.26,827
774.14,751.73,767.08,810.13,890.92,998.86,1076.5,1115.6,1131.2,1114,829.59,768.54,668.78,614.84,565.38,560.71,609,663.79,764.45,826.1
774.5,754.37,770.14,811.54,891.14,998.94,1074.8,1112.1,1128.4,1113.3,829,767.11,665.05,609.96,559,554.34,603.43,659.86,762.78,824.71
775.26,757.03,773.19,812.98,891.5,999.16,1073.4,1108.9,1125.2,1112.5,827.42,765.37,661.98,605.19,553,547.8,598.12,656.24,760.9,823
775.5,759.76,776.54,814.42,891.59,999.33,1071.5,1105.1,1122.2,1112.1,826.86,763.71,658.68,600.36,547,541.38,593,652.57,758.9,821.91
776.41,762.58,779.66,816.2,891.78,999.74,1070.3,1101.4,1118.8,1111.3,825.93,762.27,655.37,595.82,541.28,535.02,588.17,648.95,756.85,819.88
776.5,765.28,783.14,817.74,892.11,999.94,1068.7,1097.7,1115.2,1110.4,824.71,760.38,652.05,591.7,535.16,529,583.15,645.13,754.32,817.96
777.41,768.33,786.6,819.77,892.5,1000.2,1065.7,1093.3,1112.1,1110.1,822.93,758.44,648.9,587.75,529.83,523.08,578.45,641.63,751.65,815.81
777.77,771.39,790.27,821.39,892.49,1000.5,1065.1,1089.6,1108.9,1109.1,821.19,756.5,645.73,583.47,524.25,517.5,573.57,637.6,749.13,813.09
778.42,774.46,793.97,823.17,892.67,1000.4,1063,1085.7,1105.2,1108.1,819.42,754.44,642.36,578.81,519.05,512.12,568.65,633.8,746.41,810.67
778.81,777.4,797.5,824.86,892.61,1000.3,1061.8,1081.7,1101.8,1107.5,817.5,752.38,639.34,574.93,513.91,507.06,564.2,629.93,743.45,807.5
779.43,780.4,801,826.73,892.82,1000.5,1059.9,1077.7,1098.5,1106.2,815.67,750.29,636.2,570.4,508.95,502.12,559.49,626.55,740.59,804.24
780.23,783.53,804.57,828.65,892.63,1000.5,1058,1074,1094.8,1105.1,813.37,747.6,632.95,566.51,504.33,497,554.55,623,737.4,801.04
780.72,786.63,808.56,830.29,892.68,1000.7,1056.5,1069.9,1091.2,1104,811.22,745.35,629.92,562.67,499.86,492.13,550.3,619.18,734.32,798.12
781.42,789.85,812.27,832.05,892.71,1000.6,1054.7,1066.2,1087.8,1102.8,808.74,743.17,626.83,558.93,495.55,487.82,546.25,615.66,730.68,794.09
782.5,793.33,816.41,834.08,892.7,1000.6,1053.2,1062.5,1084.7,1101.3,805.5,740.55,623.66,555.17,490.9,483.39,541.86,611.65,727.49,790.4
783.76,796.57,820.09,835.83,892.69,1000.4,1050.8,1059,1081.5,1099.5,802.52,737.87,620.51,551.7,486.83,478.79,537.46,607.78,723.67,786.5
784.61,799.98,823.86,837.52,892.7,1000.5,1049.8,1056,1078.3,1098,799.48,734.7,617.43,547.89,482.84,474.5,533.41,604.19,720.08,782.78
785.84,803.28,827.47,839,892.71,1000.5,1048.2,1053.5,1075,1096.2,795.72,731.64,613.94,544,478.63,470.5,529.36,600.96,716.61,778.83
787.06,806.37,830.49,840.58,892.56,1000.4,1047.4,1049.9,1072,1094.2,792.21,728.26,610.82,540.18,474.58,466.43,525.46,596.47,712.86,775.13
788.8,809.64,833.9,841.95,892.56,1000.3,1045.3,1047.1,1069.1,1092.3,788.46,725.31,607.67,536.93,470.44,462.24,521.75,592.94,709.5,771.53
790.1,812.82,836.77,843.13,892.26,999.88,1043.6,1045,1066.2,1089.9,785.35,721.9,604.25,533.65,466.38,458.16,517.84,589.51,705.82,767.71
791.79,816.17,839.94,844.65,891.73,999.8,1042.5,1042.9,1063,1087.3,781.55,718.4,601.06,529.98,462.96,454.78,514.94,585.63,702.05,764.44
793.71,818.53,842.75,846.12,891.61,999.34,1041.3,1041,1060.7,1085.2,777.71,715.31,597.84,526.12,459.36,450.92,511,581.79,698.95,760.81
795.67,821.54,845.53,846.83,891.49,999.31,1040.4,1039.3,1058.2,1082.8,773.98,712.04,594.1,523.3,455.4,447.16,507.55,578.1,695.34,758.03
797.68,824.34,847.57,847.95,891.45,999.31,1039.4,1037,1055.7,1080.1,770.65,708.48,590.96,519.82,451.94,443.69,503.46,574.32,691.98,754.87
799.86,826.74,849.7,848.96,891.15,999.13,1038.4,1035.7,1053.4,1077.5,767.39,705.47,587.83,516.2,448.06,439.96,499.33,570.79,689.07,752.31
802.36,829.89,851.65,849.48,890.92,998.94,1038.8,1034.4,1051.4,1074.2,764.26,701.91,584.35,513.07,444.8,436.19,496.47,567.42,686.02,749.41
804.86,831.96,853.19,850.73,890.83,998.74,1038.3,1033.9,1049.6,1071.4,761.39,698.87,580.85,509.73,441.28,432.43,492.35,563.68,683,746.65
807.12,834.57,854.9,850.88,890.44,998.55,1037.6,1033.3,1047.6,1068.6,758.85,695.96,577.65,506.31,438.42,428.94,489.11,560.23,680.2,744.63
810.25,836.88,856.27,851.21,890.44,998.49,1036.9,1032.6,1045.8,1065,756.02,693.04,574.22,502.84,434.73,425.64,485.6,557.22,677.52,742.5
812.68,838.86,856.56,851.67,890.25,998.37,1037,1033,1043.8,1062,753.82,690.19,571.35,499.83,431.46,422.09,482.8,553.89,674.65,740.09
816.05,840.78,857.38,851.71,890.13,997.96,1036.4,1032.8,1042,1058.9,751.68,687.34,567.8,496.79,428.2,418.68,479.94,550.39,672,738.14
818.95,842.69,858.47,852.05,889.94,997.93,1036.3,1031.2,1040.9,1055.2,749.44,684.96,564.8,493.61,425.21,415.7,476.84,547.46,669.39,735.9
822.02,844.31,859.12,852.32,889.71,997.53,1035.9,1031,1039.2,1051.7,747.55,682.06,561.56,490.78,421.69,412.51,473.74,544.35,667.35,733.83
825.12,846.36,858.89,852.46,889.2,997.22,1035.8,1029.9,1036.4,1048.4,745.97,679.98,558.76,487.49,418.86,409.42,470.91,541.04,664.6,731.94
828.64,848.1,858.79,852.32,889.14,997.14,1035.3,1031.1,1034.8,1045,744.21,677.65,555.74,484.22,416.02,406.65,467.74,538.68,661.77,730
832.05,850.13,858.91,852.42,889.09,997.15,1035.1,1031.9,1033.2,1041.1,742.4,675.4,553.02,481.58,413.13,403.57,464.85,536,659.72,727.94
835.74,851.29,859.5,851.95,889,997,1035.5,1032.2,1032,1037.6,740.88,673.22,549.79,478.83,410.41,401.15,462.02,533,657.5,725.97
839.23,853.06,858.77,852.1,889,996.79,1035.9,1032.8,1030.5,1033.8,739.33,671.13,547.4,475.85,407.76,398.26,459.39,529.92,654.47,723.97
842.7,854.5,858.96,851.87,888.73,996.77,1036,1032.9,1029.3,1029.9,737.73,669.39,544.69,473.26,405.1,395.54,456.82,527.62,652.19,721.75
846.4,856.45,858.75,851.76,888.56,996.53,1036.6,1032.8,1028,1026.4,736.29,667.06,541.84,470.76,402.73,392.69,454,525.05,650.06,719.65
850.07,857.59,858.52,851.45,888.42,996.35,1036.9,1032.9,1026.7,1022.6,734.77,665.06,539.42,468.1,400.18,390.42,451.73,522.88,647.47,717.56
854.02,859.38,857.86,850.85,888.35,996.16,1037.1,1033.7,1025.5,1019.3,733.05,662.82,537.6,466.26,397.9,388.35,449.34,519.91,645.48,715.61
857.78,860.69,857.9,850.38,888.07,996.06,1037,1034.2,1022.9,1015.6,731.4,660.78,535.42,463.65,395.47,386.31,447.07,517.69,643.68,713.32
861.87,862.31,856.83,850.26,887.55,995.85,1037,1034.3,1021.3,1012,729.57,659.1,533.05,461.36,393.02,383.93,445,515.85,641.21,710.66
865.38,863.26,856.26,850.09,887.77,995.73,1037.1,1034.9,1020.2,1008.6,727.75,656.9,531.02,459.2,390.93,381.57,442.62,513.34,639.15,708.24
869.16,864.86,855.63,849.6,887.56,995.45,1037.2,1035.3,1018.9,1005,725.8,655.27,528.86,457.34,388.92,379.55,440.3,511.25,636.37,705.57
873,866.04,855.3,849.42,887.56,995.38,1037.1,1035.7,1017.1,1001.6,723.94,653.08,526.89,455.42,386.92,377.53,438.19,509.19,634.41,702.94
876.86,867.26,854.14,849.26,887.26,995.23,1037.1,1035.8,1016,997.82,721.94,651.3,525.07,453.49,385.14,375.49,436.35,507.42,631.92,700.02
880.57,868.85,853,848.8,887.18,995.17,1037.4,1035.9,1014.5,994.7,719.94,649.33,523.5,451.54,383.33,373.43,434.76,505.46,629.92,697.68
884.47,870.17,852.36,848.31,887.07,995.09,1037.4,1036.2,1015.3,991.32,717.87,647.25,521.6,449.97,381.47,371.98,433.18,503.59,627.72,695.13
888.18,871.28,851.85,847.5,886.96,995,1036.8,1036.3,1013.5,987.91,715.41,645.39,519.8,448.42,379.47,370.21,431.3,501.93,625.51,691.96
891.85,872.61,851.07,847.21,886.73,994.8,1037.5,1036.7,1011.9,984.72,713,643.45,518.56,447.05,377.9,368.44,429.5,500.36,623.17,689.38
895.59,873.95,850.15,846.44,886.52,994.35,1037.4,1036.7,1010.4,981.44,710.48,641.6,517.27,445.44,376.35,366.59,427.58,499.07,620.85,686.05
899.07,874.96,850.08,846.54,886.44,994.44,1037.5,1036.8,1008.4,978.54,707.87,639.66,515.65,443.78,374.93,365.56,425.91,497.72,617.63,683.44
902.5,876.16,849.17,846.81,886.02,994.26,1037.8,1036.2,1006.8,975.43,705.5,637.51,514.58,443.06,373.34,363.67,424.72,496.2,615.66,680.12
906.22,877.81,848.78,846.5,885.93,993.98,1037.9,1035.5,1007.5,972.75,702.4,635.47,513.54,441.5,372.25,362.57,423.34,494.31,614.12,677.25
909.76,878.95,848.24,845.58,885.93,994,1038,1036.4,1006.4,969.43,700,633.59,512.29,440.45,370.95,361.19,421.62,493.2,612,674.12
913,880.1,847.66,845.61,885.88,993.45,1038.1,1037,1004.6,966.79,697.02,631.75,511.02,439.48,369.8,359.68,420.79,491.8,608.98,671
914.03,880.48,846.82,845.19,885.68,993.51,1038.5,1037.7,1004.9,965.05,695.08,630.5,509.72,438.28,368.59,358.85,419.27,490.74,606.84,667.43
913.63,879.74,846.59,844.95,885.45,993.52,1039.3,1040.3,1006.3,966.24,693.73,629.36,509.25,437.43,367.67,357.35,417.18,489.13,605.14,665.58
911.97,877.96,846.14,844.45,885.4,993.39,1039.5,1041.6,1007.9,967.06,693.82,629.09,507.81,436.42,366.52,356,416.23,487.35,603.68,663.34
910.65,876.89,845.53,843.97,885.43,993.02,1040,1042.1,1009.5,968,693.3,628.11,507.34,435.48,365.77,354.39,414.84,485.7,601.63,661
908.97,875.77,845.37,843.74,885.33,993.15,1041,1043.8,1010.9,968.95,692.31,627.11,505.83,434.65,364.67,353.33,413.24,484.21,599.72,658.66
907.66,874.56,844.17,843.17,885.43,992.98,1041.2,1045.3,1012.4,969.72,692.17,627.15,505.43,433.5,363.77,351.98,411.87,483.37,597.92,656.75
906.24,873.49,843.62,842.75,885.5,993,1041.8,1047.5,1013.9,970.75,691.61,626.34,504.92,432.81,362.87,350.88,411.31,481.61,595.91,654.48
904.72,872.6,842.78,842.11,885.4,993.23,1042.1,1048,1015.7,971.41,691.33,625.53,503.85,431.97,362,349.98,409.61,480.66,594.25,652.12
903.39,870.84,842,841.84,885.15,992.96,1042.4,1050.4,1017.5,972.73,691.03,625.45,503.63,431.57,361.2,349.24,408.74,479.44,592.36,650.22
901.64,869.36,840.95,841.36,885.06,992.93,1043.1,1051.5,1019.2,973.62,690.53,625.4,503.32,431.17,360.62,348.15,407.39,478.04,591.23,647.9
900.38,868,839.85,840.4,884.82,992.84,1043.6,1052.4,1021.3,974.96,690.4,625.08,502.8,430.98,360,347.49,406.74,477.09,589.47,646.33
899.02,866.55,838.86,839.92,884.43,992.4,1044,1054.5,1022.5,975.74,690.32,624.77,502.19,430.3,359.63,346.64,405.63,475.94,587.66,643.91
897.21,865.19,837.41,838.84,884.46,992.55,1044.2,1056.3,1024.5,977,690.33,624.58,501.86,430,359.08,346.18,405.62,475.52,586.48,642.09
895.62,863.67,836.34,838.78,884.3,992.46,1044.9,1057.3,1025.7,978.27,690.09,624.34,501.4,429.54,358.7,345.59,404.05,474.22,584.74,640.18
894.17,862.05,834.76,838.08,884.23,992.27,1046.1,1058.7,1028,979.31,690.09,624.29,501.59,429.45,358.26,344.95,403.49,473.37,583.23,638.58
892.6,860.72,833.73,837.85,883.82,991.98,1046.5,1060.3,1029.4,980.74,690.02,624.09,501.53,429.27,358.18,344.38,403.09,472.71,581.95,636.62
891.17,858.7,833.1,837,883.73,991.59,1046.4,1062.4,1031.3,982.16,690.13,624.29,501.31,429.2,358.18,344.11,402.76,471.96,580.38,634.93
889.74,857.16,832.05,836.74,883.56,991.8,1048.1,1064,1033,983.53,690.44,624.18,501.4,429.26,358.03,343.41,401.68,471.25,579.04,633.18
887.67,855.29,831.06,835.79,883.36,991.5,1048.7,1064.6,1034.8,984.69,690.74,624.32,501.5,429.19,357.94,343.38,401.41,470.69,577.93,631
886.11,853.76,830,835.69,883.17,991.36,1048.8,1066.5,1037,986.29,690.98,624.65,501.38,429.5,357.91,343.26,400.86,469.98,577.21,629.65
884.26,851.8,829.02,835.2,883.19,991.16,1049.8,1068.5,1039.3,987.59,691.4,624.81,501.33,429.5,358.28,343.26,400.68,469.35,576.33,628.68
882.5,850.18,827.62,834.49,883.03,991.06,1050.3,1069.6,1041,989.02,691.4,625.14,501.58,429.67,358.25,343.36,400.49,469.13,574.96,626.72
880.93,848.53,826.38,833.79,883,990.8,1051.1,1071.2,1042.7,990.81,691.83,625.25,501.91,430.05,358.51,343.14,399.94,468.72,573.82,624.98
879.09,847,825.52,832.52,882.63,990.8,1052.2,1072.3,1044.8,992.25,692.3,625.7,502.4,430.2,358.51,343.14,400.05,468.17,573.37,623.93
877.37,845.29,824.24,832.18,882.88,990.67,1053,1073.6,1046.7,993.09,692.88,626.06,502.71,430.61,358.95,343.14,399.74,467.79,572.65,622.73
875.57,843.57,822.69,831.92,882.61,991,1053.3,1075.3,1048.9,994.53,693.52,626.68,503.33,431.08,359.86,343.76,399.7,467.66,572,621.45
873.63,841.91,821.84,831.09,882.62,990.84,1054.2,1076.7,1050.9,996.35,693.78,626.89,503.37,431.27,360.03,343.95,399.42,467.69,571,620.29
871.91,840.25,820.41,830.87,882.35,990.7,1054.8,1078.4,1052.7,997.92,694.62,627.67,504.14,432.5,360.3,344.21,399.74,467.36,570.48,619.51
870.07,838.33,819.13,830.31,881.95,990.55,1055.1,1080.2,1054.4,999.57,695.38,628.14,504.91,433.19,360.61,344.55,400,467.48,569.45,618.54
868.23,836.44,818.16,829.55,881.67,990.5,1055.7,1080.8,1056.8,1001.1,695.94,629.02,505.39,433.76,361.82,345,400.39,467.45,569.33,617.33
866.48,834.59,817.12,828.87,882.1,990.56,1056.2,1082.5,1058.6,1002.5,696.89,629.61,505.88,434.5,362.23,345.44,400.69,467.36,569.06,616.5
864.59,832.87,815.52,828.07,881.56,990.23,1056.8,1084.9,1060.3,1004.3,697.65,630.55,506.9,435.07,363.03,346.18,401.26,467.43,568.17,615.33
862.67,831.02,814.6,827.85,881.58,990.33,1057.7,1086.8,1062.3,1005.6,698.61,631.3,507.19,435.93,364.13,346.98,401.55,467.47,567.58,614.22
860.67,829.68,813.41,826.89,881.49,989.9,1057.9,1088.8,1064.5,1007.1,699.67,631.7,508.33,436.64,364.94,347.36,401.72,467.16,567.53,613.63
859.02,827.7,812.14,826.27,881.5,989.95,1058.4,1090.3,1066.3,1008.8,700.13,632.98,509.26,437.52,365.5,348.07,401.89,466.43,567.34,613.1
857.02,825.81,810.88,825.59,881.24,989.58,1059.6,1091.9,1068.1,1010.3,701.67,633.74,509.88,438.56,366.53,348.93,402.63,466.52,566.24,612.13
855.04,824.18,809.47,824.79,881.08,989.52,1060.5,1093.8,1069.8,1011.9,702.44,634.9,511.07,439.32,367.73,349.62,403.31,466.42,566.03,611.85
853.14,822.28,808.65,824.62,881.08,989.12,1060.8,1094.2,1071.3,1013.6,703.55,635.58,511.52,441.14,368.73,350.79,403.13,467.16,565.68,611.22
851.27,820.37,807.38,824.06,881,989.11,1061.2,1095.1,1073,1014.9,704.93,636.94,513.31,441.94,369.76,351.54,404.23,468.02,565.72,611.07
849.21,818.64,806.28,823.62,880.98,989.11,1062.1,1097.4,1074.6,1016.7,705.7,637.78,513.86,443.14,370.88,352.54,405.23,468.54,565.38,610.86
846.98,817.11,805.04,822.56,880.88,989.19,1062.6,1098.8,1076.5,1018.9,707.41,639.28,515.04,444.21,371.8,353.86,405.6,469.06,565.29,611.07
845.29,815.17,803.74,822.21,880.5,989.35,1063.3,1099.6,1078.5,1019.9,708.47,639.96,515.93,445.16,373.35,355.21,406.38,469.42,565.7,610.68
843.33,813.19,802.95,821.4,880.57,989.09,1064,1100.8,1080.3,1021.6,709.78,641.44,517.19,446.56,374.63,356.13,407.05,470.62,565.66,610.29
