0.000, 78.965, 2.969, 3.022, 3.237, 3.058
0.003, 78.885, 2.861, 3.058, 3.470, 3.058
0.005, 78.844, 2.879, 3.237, 3.255, 3.040
0.007, 78.885, 2.915, 3.094, 3.381, 2.987
0.009, 79.006, 2.933, 3.040, 3.416, 3.112
0.013, 78.482, 2.933, 2.879, 3.578, 3.004
0.015, 78.683, 2.897, 3.076, 3.434, 3.004
0.017, 79.207, 3.022, 3.112, 3.416, 3.130
0.019, 78.482, 3.148, 3.058, 3.219, 3.004
0.021, 70.463, 4.204, 3.470, 4.330, 4.151
0.023, 71.874, 4.330, 3.864, 5.494, 4.921
0.025, 73.929, 5.637, 5.028, 6.282, 5.547
0.027, 75.339, 8.037, 5.762, 6.837, 5.959
0.029, 73.848, 7.553, 6.371, 7.840, 7.231
0.031, 70.826, 8.825, 7.052, 8.520, 8.484
0.033, 70.463, 10.311, 8.090, 10.114, 9.541
0.035, 71.068, 11.797, 9.416, 10.615, 10.132
0.037, 72.156, 12.711, 10.759, 12.209, 11.958
0.039, 71.269, 14.340, 11.368, 13.481, 13.391
0.041, 67.603, 15.719, 12.603, 14.609, 14.770
0.043, 66.595, 17.474, 13.463, 15.200, 15.934
0.045, 68.288, 18.208, 15.092, 16.668, 17.170
0.047, 69.093, 19.713, 16.042, 18.119, 18.584
0.049, 67.643, 21.020, 17.904, 19.247, 19.963
0.051, 65.789, 22.596, 17.367, 20.286, 20.716
0.053, 64.822, 23.348, 19.928, 21.163, 22.041
0.055, 65.266, 24.584, 20.733, 22.220, 23.312
0.057, 65.185, 25.927, 22.005, 23.652, 24.476
0.059, 64.701, 27.270, 23.026, 25.193, 25.658
0.061, 63.412, 27.718, 24.100, 25.801, 26.428
0.063, 62.848, 28.953, 24.512, 26.876, 27.646
0.065, 63.533, 30.153, 27.091, 27.861, 28.452
0.067, 63.291, 30.941, 26.876, 28.828, 29.723
0.069, 62.002, 32.069, 27.932, 29.383, 30.046
0.071, 61.236, 33.126, 28.470, 30.278, 31.174
0.073, 61.317, 33.806, 29.383, 30.780, 32.356
0.075, 61.035, 34.720, 30.260, 31.801, 33.179
0.077, 60.793, 33.770, 31.174, 31.693, 33.699
0.079, 60.027, 34.899, 31.818, 33.162, 34.702
0.081, 59.665, 35.257, 32.589, 33.967, 35.490
0.083, 59.584, 35.364, 32.642, 33.735, 36.313
0.085, 59.423, 38.391, 34.254, 35.185, 36.886
0.087, 58.778, 39.501, 35.239, 35.973, 37.119
0.089, 58.013, 41.023, 35.418, 36.170, 38.444
0.091, 57.973, 40.558, 36.206, 36.689, 39.053
0.093, 57.973, 41.131, 36.672, 37.280, 39.555
0.095, 57.610, 41.740, 37.406, 38.319, 40.020
0.097, 57.167, 42.133, 37.782, 38.695, 40.558
0.099, 56.925, 42.832, 38.391, 38.892, 41.095
0.101, 56.643, 43.172, 39.018, 40.074, 41.865
0.103, 56.321, 43.727, 39.734, 40.343, 40.755
0.105, 55.998, 44.139, 39.805, 40.844, 42.796
0.107, 55.918, 45.429, 40.432, 41.417, 43.011
0.109, 55.636, 44.533, 40.862, 41.757, 43.512
0.111, 55.474, 44.354, 41.184, 41.811, 43.906
0.113, 55.394, 44.121, 41.543, 42.420, 44.085
0.115, 54.709, 43.978, 42.062, 42.796, 44.569
0.117, 54.830, 45.787, 42.456, 43.226, 44.730
0.119, 54.628, 46.557, 42.760, 43.226, 45.070
0.121, 54.266, 46.700, 42.975, 43.566, 45.321
0.123, 54.225, 46.933, 43.405, 43.942, 45.536
0.125, 53.903, 47.004, 43.691, 44.265, 45.787
0.127, 53.701, 47.255, 44.121, 44.515, 45.894
0.129, 53.701, 47.184, 44.229, 44.856, 46.002
0.131, 53.661, 47.255, 44.157, 45.053, 46.037
0.133, 53.460, 47.237, 44.676, 45.178, 46.718
0.135, 53.258, 47.273, 45.070, 45.536, 46.485
0.137, 53.057, 47.148, 45.285, 45.697, 46.503
0.139, 52.976, 47.345, 45.518, 45.876, 46.557
0.141, 52.896, 47.398, 45.769, 46.109, 46.664
0.143, 52.775, 47.416, 45.805, 46.879, 46.646
0.145, 52.533, 47.255, 45.948, 46.503, 46.664
0.147, 52.654, 47.004, 46.217, 46.700, 46.575
0.149, 52.452, 47.022, 46.217, 46.825, 46.593
0.151, 52.493, 47.022, 46.575, 46.825, 45.608
0.153, 52.412, 47.076, 46.628, 47.166, 46.378
0.155, 53.500, 46.843, 46.521, 46.951, 46.467
0.157, 52.614, 46.378, 47.166, 46.521, 45.876
0.159, 51.445, 46.163, 45.769, 45.984, 45.303
0.161, 52.533, 45.267, 45.303, 45.840, 44.551
0.163, 53.661, 44.802, 45.178, 45.590, 44.497
0.165, 53.339, 44.569, 44.748, 44.426, 44.157
0.167, 52.211, 44.479, 44.444, 45.178, 43.709
0.169, 52.049, 44.605, 44.587, 45.124, 43.477
0.171, 53.016, 43.136, 44.676, 45.518, 43.387
0.173, 53.218, 43.584, 44.676, 44.085, 43.477
0.175, 52.855, 43.387, 44.712, 45.626, 43.280
0.177, 52.976, 43.154, 44.784, 44.479, 43.083
0.179, 52.291, 42.975, 44.730, 45.321, 42.868
0.181, 52.170, 42.635, 44.408, 45.429, 42.474
0.183, 53.057, 42.366, 44.068, 44.873, 42.295
0.185, 53.137, 41.757, 43.799, 44.659, 41.757
0.187, 52.614, 42.653, 43.709, 44.659, 41.310
0.189, 51.244, 18.584, 43.405, 44.265, 41.131
0.191, 52.533, 67.778, 44.533, 44.623, 40.844
0.193, 53.057, 67.778, 43.602, 44.730, 41.184
0.195, 68.449, 67.778, 42.348, 44.605, 40.038
0.197, 52.573, 41.238, 43.888, 44.730, 41.059
0.199, 52.170, 41.041, 43.781, 44.748, 40.952
0.201, 52.573, 40.629, 43.727, 44.784, 40.952
0.203, 53.299, 40.325, 43.459, 44.641, 40.593
0.205, 52.775, 40.325, 43.315, 44.390, 40.307
0.207, 52.372, 40.110, 43.244, 44.139, 41.865
0.209, 52.614, 39.841, 43.101, 44.193, 42.563
0.211, 52.976, 39.179, 43.047, 44.121, 39.877
0.213, 52.976, 39.788, 42.868, 44.587, 40.665
0.215, 52.734, 39.644, 43.136, 44.229, 40.038
0.217, 52.614, 39.555, 43.172, 44.408, 39.429
0.219, 52.976, 39.429, 43.298, 44.426, 39.716
0.221, 52.694, 39.805, 43.244, 44.282, 39.501
0.223, 52.815, 39.340, 43.280, 44.300, 39.394
0.225, 52.775, 39.250, 43.118, 44.211, 36.349
0.227, 52.573, 39.035, 43.118, 44.032, 35.973
0.229, 52.815, 37.406, 43.065, 43.996, 34.899
0.231, 52.775, 38.838, 42.886, 44.587, 38.821
0.233, 52.976, 38.928, 42.760, 43.942, 38.856
0.235, 53.057, 38.874, 42.868, 43.817, 38.874
0.237, 52.976, 38.803, 42.724, 43.996, 37.191
0.239, 53.057, 40.379, 42.957, 44.068, 38.856
0.241, 53.178, 38.910, 43.083, 44.103, 36.815
0.243, 53.057, 38.838, 43.065, 44.121, 36.958
0.245, 52.976, 38.910, 42.993, 44.157, 37.764
0.247, 53.016, 38.767, 43.011, 44.085, 38.874
0.249, 53.137, 38.838, 42.921, 43.942, 36.958
0.251, 53.218, 38.677, 42.850, 43.871, 37.334
0.253, 53.016, 38.713, 42.832, 43.835, 38.803
0.255, 53.016, 38.641, 42.707, 43.154, 40.522
0.257, 53.137, 38.713, 42.778, 43.727, 39.286
0.259, 53.016, 38.570, 42.563, 43.799, 38.928
0.261, 52.815, 38.677, 42.760, 43.835, 38.785
0.263, 52.976, 38.928, 42.850, 43.853, 37.853
0.265, 53.137, 38.104, 42.868, 43.799, 38.552
0.267, 53.178, 38.677, 42.904, 43.781, 38.731
0.269, 53.016, 38.874, 42.760, 43.745, 38.659
0.271, 52.976, 38.301, 42.689, 43.691, 38.480
0.273, 52.936, 38.659, 42.671, 43.387, 38.427
0.275, 52.976, 38.731, 41.310, 43.674, 38.588
0.277, 52.976, 38.695, 42.438, 43.674, 38.373
0.279, 53.016, 38.570, 42.348, 43.620, 38.534
0.281, 53.057, 38.606, 41.990, 43.602, 38.444
0.283, 52.976, 38.427, 42.313, 43.674, 38.337
0.285, 52.936, 38.319, 40.486, 43.638, 38.480
0.287, 53.016, 36.922, 42.116, 43.656, 38.462
0.289, 53.016, 38.355, 42.330, 44.623, 38.480
0.291, 53.057, 38.301, 42.169, 43.638, 38.409
0.293, 52.976, 38.373, 42.832, 43.638, 37.907
0.295, 53.057, 38.283, 42.921, 43.530, 38.516
0.297, 53.137, 38.516, 42.456, 41.937, 38.695
0.299, 52.855, 37.370, 42.241, 43.530, 38.677
0.301, 53.016, 38.015, 42.241, 43.459, 38.695
0.303, 52.976, 38.158, 42.348, 43.512, 38.588
0.305, 53.178, 38.516, 42.527, 43.530, 38.373
0.307, 53.057, 38.624, 42.420, 43.512, 38.498
0.309, 53.057, 38.498, 42.456, 43.548, 38.659
0.311, 53.097, 38.624, 42.581, 43.495, 38.606
0.313, 52.775, 38.498, 42.635, 43.495, 38.534
0.315, 52.775, 38.516, 42.348, 43.548, 38.677
0.317, 53.379, 38.480, 42.653, 43.405, 38.641
0.319, 53.137, 38.570, 42.760, 43.512, 38.516
0.321, 52.734, 38.838, 42.689, 43.333, 38.570
0.323, 51.364, 38.516, 42.456, 43.298, 38.086
0.325, 53.500, 38.247, 42.098, 43.226, 38.265
0.327, 54.145, 37.083, 40.558, 41.668, 37.066
0.329, 52.573, 35.490, 40.038, 40.110, 35.293
0.331, 52.090, 34.254, 39.000, 39.429, 34.236
0.333, 52.815, 33.090, 37.639, 38.122, 33.412
0.335, 53.540, 32.768, 36.457, 36.815, 32.660
0.337, 53.178, 31.765, 35.615, 35.919, 31.747
0.339, 52.372, 30.690, 34.344, 35.203, 30.887
0.341, 52.533, 30.225, 33.448, 34.039, 30.028
0.343, 52.775, 29.007, 32.571, 33.305, 29.759
0.345, 52.614, 28.362, 31.962, 32.141, 28.649
0.347, 53.419, 27.753, 30.869, 31.335, 27.968
0.349, 52.493, 26.912, 29.902, 29.974, 26.589
0.351, 52.452, 26.446, 29.204, 29.473, 26.822
0.353, 52.614, 25.730, 28.810, 28.756, 24.781
0.355, 53.178, 25.031, 27.861, 27.843, 24.888
0.357, 53.258, 24.100, 26.822, 27.413, 24.405
0.359, 52.896, 23.348, 26.374, 26.607, 24.046
0.361, 52.734, 23.617, 25.712, 25.837, 23.330
0.363, 53.057, 22.059, 24.888, 24.816, 21.897
0.365, 53.057, 21.450, 24.440, 24.584, 20.895
0.367, 53.218, 20.626, 23.473, 23.885, 18.925
0.369, 52.855, 20.322, 23.258, 23.241, 24.082
0.371, 52.573, 19.802, 22.703, 22.417, 20.536
0.373, 52.976, 19.086, 21.951, 22.112, 20.017
0.375, 53.258, 18.531, 21.342, 21.396, 19.480
0.377, 53.016, 18.334, 20.912, 20.769, 19.462
0.379, 52.936, 17.671, 19.856, 20.125, 18.781
0.381, 53.057, 17.098, 19.319, 19.820, 18.208
0.383, 53.057, 16.507, 18.853, 19.283, 17.635
0.385, 53.097, 16.382, 18.334, 18.674, 17.277
0.387, 52.976, 15.880, 17.993, 17.993, 16.955
0.389, 52.734, 15.379, 17.564, 17.653, 16.418
0.391, 52.936, 14.860, 17.062, 17.295, 14.931
0.393, 53.097, 15.486, 16.901, 16.776, 15.504
0.395, 52.936, 14.125, 16.471, 16.435, 15.271
0.397, 52.775, 13.696, 16.812, 15.773, 14.967
0.399, 52.976, 13.212, 15.773, 16.829, 14.484
0.401, 53.178, 13.069, 15.343, 15.074, 13.534
0.403, 52.976, 12.800, 15.182, 14.663, 13.803
0.405, 53.016, 12.370, 15.003, 13.606, 12.621
0.407, 53.057, 12.030, 14.448, 14.000, 12.084
0.409, 53.137, 11.923, 13.910, 13.481, 12.890
0.411, 52.815, 11.547, 13.409, 13.194, 12.621
0.413, 53.057, 11.260, 12.908, 12.854, 12.209
0.415, 52.976, 10.812, 12.442, 12.478, 11.797
0.417, 52.976, 10.741, 12.227, 12.173, 11.547
0.419, 53.097, 10.347, 12.138, 11.941, 11.385
0.421, 53.097, 10.347, 12.854, 11.493, 11.188
0.423, 52.976, 10.060, 12.836, 11.350, 10.938
0.425, 52.936, 9.899, 11.618, 11.009, 10.633
0.427, 53.137, 9.684, 11.260, 10.687, 10.508
0.429, 53.137, 9.416, 11.296, 10.418, 10.257
0.431, 52.976, 9.236, 10.150, 10.096, 10.007
0.433, 53.178, 8.932, 9.953, 9.863, 9.827
0.435, 53.097, 9.272, 11.475, 9.827, 9.416
0.437, 53.178, 8.646, 11.009, 9.487, 9.326
0.439, 53.258, 8.431, 10.078, 9.308, 9.326
0.441, 53.137, 8.771, 10.204, 9.183, 8.914
0.443, 53.178, 8.216, 9.666, 8.950, 8.699
0.445, 53.218, 8.019, 9.165, 8.717, 8.395
0.447, 53.258, 7.786, 10.007, 8.377, 7.428
0.449, 53.178, 7.571, 9.022, 8.341, 8.234
0.451, 53.137, 7.643, 8.825, 8.269, 7.643
0.453, 53.178, 7.249, 8.323, 7.517, 8.126
0.455, 53.057, 7.195, 7.947, 7.822, 8.072
0.457, 53.258, 6.944, 8.126, 7.643, 7.875
0.459, 53.299, 7.016, 7.768, 7.499, 7.911
0.461, 53.097, 6.998, 7.750, 7.356, 7.678
0.463, 53.016, 6.998, 7.822, 7.249, 7.410
0.465, 53.218, 6.622, 7.750, 6.998, 7.320
0.467, 53.258, 6.765, 7.643, 7.052, 7.213
0.469, 53.218, 6.765, 7.661, 6.908, 7.177
0.471, 53.258, 6.425, 7.070, 6.783, 6.998
0.473, 53.178, 6.532, 7.123, 6.658, 6.658
0.475, 53.218, 6.389, 6.855, 6.568, 6.765
0.477, 53.097, 6.210, 6.729, 6.461, 6.765
0.479, 53.218, 6.049, 6.568, 6.353, 6.676
0.481, 53.097, 6.138, 6.711, 6.264, 6.550
0.483, 53.178, 5.870, 6.192, 6.156, 6.497
0.485, 53.299, 5.941, 6.353, 5.959, 6.353
0.487, 53.258, 5.888, 6.192, 6.067, 6.067
0.489, 53.178, 5.673, 6.300, 5.798, 6.049
0.491, 53.057, 5.530, 6.049, 5.870, 6.479
0.493, 53.097, 5.637, 5.906, 5.941, 6.067
0.495, 53.057, 5.619, 5.906, 6.407, 6.013
0.497, 53.218, 5.512, 6.031, 5.476, 5.959
0.499, 53.258, 5.404, 5.906, 5.404, 5.870
0.501, 53.016, 5.780, 5.494, 5.565, 5.744
0.503, 53.218, 5.315, 5.691, 5.476, 5.565
0.505, 53.258, 5.243, 5.601, 5.386, 5.691
0.507, 53.379, 5.118, 5.279, 5.350, 5.637
0.509, 53.097, 5.261, 5.530, 6.156, 5.637
0.511, 53.178, 5.153, 5.547, 5.064, 6.891
0.513, 53.178, 5.118, 5.512, 5.279, 5.780
0.515, 53.218, 5.046, 5.404, 5.225, 6.192
0.517, 53.299, 5.118, 5.494, 5.261, 5.726
0.519, 53.299, 5.010, 5.386, 5.153, 5.458
0.521, 53.299, 5.028, 5.028, 5.941, 7.661
0.523, 53.299, 5.010, 5.028, 5.010, 7.141
0.525, 53.299, 4.974, 5.261, 4.992, 7.356
0.527, 53.299, 4.867, 5.171, 5.010, 6.532
0.529, 53.258, 4.742, 4.867, 4.903, 6.479
0.531, 53.218, 4.777, 4.956, 4.921, 6.926
0.533, 53.339, 5.028, 4.992, 4.831, 5.637
0.535, 53.258, 4.813, 5.171, 4.759, 6.514
0.537, 53.299, 4.885, 5.941, 4.294, 9.648
0.539, 53.339, 4.903, 5.064, 4.795, 4.759
0.541, 53.299, 4.939, 5.028, 4.742, 4.974
0.543, 53.218, 4.742, 4.849, 4.742, 4.956
0.545, 53.218, 4.562, 4.939, 4.742, 4.956
0.547, 53.299, 4.616, 4.759, 4.742, 4.759
0.549, 53.258, 4.688, 4.831, 4.688, 4.956
0.551, 53.137, 4.365, 4.598, 4.759, 4.849
0.553, 53.218, 4.634, 4.616, 4.652, 4.759
0.555, 53.419, 4.365, 4.670, 4.545, 4.670
0.557, 53.339, 4.580, 4.491, 4.473, 4.813
0.559, 53.299, 4.509, 4.330, 4.437, 4.885
0.561, 53.339, 4.580, 4.312, 4.545, 4.777
0.563, 53.299, 4.455, 4.724, 4.330, 4.777
0.565, 53.258, 4.437, 4.598, 4.455, 4.634
0.567, 53.299, 4.401, 4.652, 4.419, 4.527
0.569, 53.258, 4.186, 4.276, 4.383, 4.706
0.571, 53.178, 4.276, 4.921, 4.294, 5.261
0.573, 53.258, 4.348, 4.742, 4.258, 4.491
0.575, 53.299, 4.330, 4.562, 4.348, 4.437
0.577, 53.299, 4.258, 4.562, 4.348, 4.455
0.579, 53.379, 4.204, 4.885, 4.240, 4.509
0.581, 53.419, 4.222, 5.136, 4.330, 4.562
0.583, 53.299, 4.186, 4.670, 4.312, 4.634
0.585, 53.299, 4.151, 4.383, 4.204, 4.527
0.587, 53.299, 4.151, 4.419, 4.240, 4.545
0.589, 53.339, 4.043, 4.562, 4.222, 4.545
0.591, 53.379, 4.151, 4.527, 4.240, 4.509
0.593, 53.299, 3.989, 4.527, 4.186, 4.383
0.595, 53.379, 4.043, 4.437, 4.115, 4.527
0.597, 53.339, 4.133, 4.222, 4.061, 4.401
0.599, 53.299, 4.079, 4.330, 4.222, 4.455
0.601, 53.258, 4.168, 4.276, 4.079, 4.437
0.603, 53.419, 4.007, 4.168, 4.079, 4.419
0.605, 53.339, 3.972, 4.473, 4.133, 4.455
0.607, 53.460, 3.989, 4.330, 4.025, 4.348
0.609, 53.379, 3.972, 3.882, 4.007, 4.294
0.611, 53.339, 4.007, 4.401, 3.936, 4.258
0.613, 53.379, 3.792, 4.294, 3.900, 4.330
0.615, 53.379, 3.703, 4.348, 3.918, 4.294
0.617, 53.379, 3.900, 4.240, 3.972, 4.079
0.619, 53.460, 3.954, 4.365, 3.828, 4.240
0.621, 53.339, 3.882, 4.276, 3.810, 4.276
0.623, 53.419, 3.918, 4.312, 3.846, 4.168
0.625, 53.379, 3.721, 4.204, 3.846, 4.186
0.627, 53.419, 3.864, 4.043, 3.810, 4.204
0.629, 53.460, 3.810, 4.186, 3.882, 4.168
0.631, 53.379, 3.721, 4.204, 3.792, 4.133
0.633, 53.460, 3.792, 4.294, 3.864, 4.007
0.635, 53.500, 3.506, 4.133, 3.775, 4.133
0.637, 53.460, 3.703, 4.168, 3.757, 4.222
0.639, 53.258, 3.685, 4.115, 3.667, 4.115
0.641, 53.460, 3.703, 4.007, 3.757, 4.097
0.643, 53.581, 3.685, 4.025, 3.309, 4.079
0.645, 53.500, 3.649, 4.133, 3.649, 3.989
0.647, 53.419, 3.416, 4.025, 3.757, 4.007
0.649, 53.500, 4.294, 4.186, 3.685, 2.915
0.651, 53.460, 3.685, 4.276, 3.703, 4.043
0.653, 53.500, 3.560, 4.258, 3.595, 3.972
0.655, 53.419, 3.524, 4.258, 3.595, 4.025
0.657, 53.540, 3.488, 4.545, 3.560, 3.972
0.659, 53.500, 3.381, 5.010, 3.972, 3.882
0.661, 53.540, 3.291, 5.673, 3.578, 3.900
0.663, 53.500, 3.470, 5.834, 3.416, 3.900
0.665, 53.460, 3.649, 5.225, 3.452, 3.936
0.667, 53.500, 4.455, 5.153, 3.381, 3.792
0.669, 53.701, 3.398, 5.028, 3.488, 3.882
0.671, 53.500, 3.345, 5.458, 3.488, 3.757
0.673, 53.540, 3.219, 4.742, 3.470, 3.810
0.675, 53.419, 3.327, 4.437, 3.398, 3.936
0.677, 53.581, 3.452, 4.348, 3.363, 3.775
0.679, 53.621, 3.255, 4.598, 3.381, 3.775
0.681, 53.581, 3.237, 4.562, 3.309, 3.685
0.683, 53.500, 3.219, 4.491, 3.184, 3.721
0.685, 53.460, 3.166, 4.061, 3.327, 3.667
0.687, 53.500, 3.130, 4.204, 3.255, 3.649
0.689, 53.581, 3.166, 4.312, 3.184, 3.524
0.691, 53.339, 3.166, 4.168, 3.166, 3.470
0.693, 53.500, 3.112, 4.401, 3.166, 3.434
0.695, 53.500, 3.058, 5.368, 3.112, 3.542
0.697, 53.540, 3.398, 3.846, 3.184, 3.363
0.699, 53.581, 3.076, 4.204, 3.130, 3.434
0.701, 53.419, 3.058, 4.168, 3.022, 3.452
0.703, 53.500, 3.130, 4.025, 2.969, 3.381
0.705, 53.460, 3.040, 4.204, 3.112, 3.345
0.707, 53.661, 2.987, 4.168, 3.022, 2.682
0.709, 53.500, 3.166, 3.792, 3.058, 3.381
0.711, 53.621, 3.094, 3.703, 3.076, 3.291
0.713, 53.540, 2.987, 3.846, 3.166, 3.345
0.715, 53.701, 2.951, 3.667, 3.058, 3.416
0.717, 53.661, 2.915, 3.649, 3.094, 3.452
0.719, 53.661, 2.628, 3.721, 3.004, 3.345
0.721, 53.621, 2.933, 3.649, 2.861, 3.309
0.723, 53.621, 2.915, 3.452, 2.969, 3.363
0.725, 53.540, 2.987, 3.524, 2.951, 3.148
0.727, 53.540, 2.879, 3.345, 2.969, 3.327
0.729, 53.621, 2.897, 3.201, 3.022, 3.327
0.731, 53.621, 2.951, 3.434, 2.951, 3.237
0.733, 53.661, 2.969, 3.273, 3.040, 3.255
0.735, 53.661, 3.040, 3.345, 2.861, 3.291
0.737, 53.701, 2.933, 3.273, 2.987, 3.201
0.739, 53.742, 2.951, 3.184, 1.769, 3.166
0.741, 53.701, 2.987, 3.201, 3.058, 3.148
0.743, 53.701, 3.022, 3.094, 2.897, 3.166
0.745, 53.701, 2.987, 3.721, 2.897, 3.094
0.747, 53.661, 2.933, 3.255, 2.897, 3.166
0.749, 53.742, 2.915, 3.184, 2.915, 3.076
0.751, 53.621, 2.969, 3.219, 2.969, 3.094
0.753, 53.540, 2.987, 3.184, 3.166, 3.184
0.755, 53.742, 3.273, 3.291, 2.897, 3.112
0.757, 53.701, 2.969, 3.291, 2.897, 3.076
0.759, 53.701, 3.076, 2.933, 2.879, 3.184
0.761, 53.822, 2.951, 3.291, 2.772, 2.951
0.763, 53.742, 2.987, 3.398, 2.951, 2.915
0.765, 53.822, 2.987, 3.237, 3.004, 3.166
0.767, 53.742, 2.718, 3.130, 2.915, 6.962
0.769, 53.500, 2.897, 3.130, 2.897, 3.972
0.771, 53.500, 2.843, 3.094, 2.879, 5.046
0.773, 53.621, 2.879, 3.166, 2.825, 3.595
0.775, 53.581, 2.861, 3.309, 2.736, 3.613
0.777, 53.661, 2.951, 3.918, 2.861, 3.416
0.779, 53.661, 2.915, 3.112, 2.861, 3.578
0.781, 53.500, 2.951, 3.166, 2.700, 3.237
0.783, 53.581, 2.790, 3.255, 2.807, 3.130
0.785, 53.661, 2.933, 3.184, 2.825, 3.166
0.787, 53.540, 2.861, 2.825, 2.503, 3.148
0.789, 53.701, 2.969, 3.148, 2.915, 3.201
0.791, 53.621, 2.987, 3.291, 2.843, 3.219
0.793, 53.701, 2.969, 3.201, 2.843, 3.076
0.795, 53.742, 2.772, 3.255, 2.754, 3.255
0.797, 53.822, 3.004, 3.291, 2.736, 4.204
0.799, 53.701, 3.022, 3.613, 2.825, 4.616
0.801, 53.782, 2.933, 3.416, 1.858, 4.634
0.803, 53.621, 2.987, 3.058, 2.987, 4.168
0.805, 53.742, 3.022, 3.094, 2.772, 4.365
0.807, 53.661, 2.969, 3.237, 2.807, 3.739
0.809, 53.742, 2.951, 3.058, 2.199, 3.434
0.811, 53.742, 3.040, 3.130, 3.004, 3.578
0.813, 53.782, 3.022, 3.524, 2.843, 3.542
0.815, 53.701, 2.987, 3.309, 2.700, 3.810
0.817, 53.701, 3.004, 3.004, 2.879, 3.631
0.819, 53.742, 3.004, 3.058, 2.933, 3.595
0.821, 53.782, 3.112, 3.094, 2.790, 3.542
0.823, 53.782, 2.915, 3.058, 2.987, 3.631
0.825, 53.742, 2.628, 3.076, 2.843, 3.470
0.827, 53.661, 2.915, 2.897, 2.843, 3.828
0.829, 53.822, 2.951, 2.987, 2.951, 3.721
0.831, 53.782, 2.987, 2.987, 2.897, 3.882
0.833, 53.782, 3.022, 3.040, 2.951, 3.703
0.835, 53.701, 2.897, 3.076, 2.843, 3.685
0.837, 53.782, 3.058, 2.969, 2.879, 3.775
0.839, 53.742, 2.969, 3.148, 2.807, 4.742
0.841, 53.782, 2.825, 3.112, 2.861, 6.944
0.843, 53.863, 2.933, 3.130, 2.718, 5.064
0.845, 53.661, 2.987, 3.166, 2.790, 4.777
0.847, 53.661, 3.058, 3.166, 2.897, 3.076
0.849, 53.863, 2.843, 3.040, 2.915, 3.201
0.851, 53.701, 2.897, 2.969, 2.807, 3.828
0.853, 53.782, 3.004, 3.148, 2.897, 2.969
0.855, 53.742, 2.324, 3.076, 2.843, 3.022
0.857, 53.742, 2.969, 3.040, 2.879, 2.879
0.859, 53.822, 2.843, 3.112, 2.807, 3.004
0.861, 53.742, 2.951, 3.022, 3.470, 2.575
0.863, 53.782, 2.915, 3.112, 2.825, 2.933
0.865, 53.822, 2.951, 3.040, 2.897, 2.861
0.867, 53.782, 2.951, 2.969, 2.807, 2.951
0.869, 53.903, 3.004, 3.058, 2.951, 2.861
0.871, 53.822, 2.897, 3.058, 2.951, 4.365
0.873, 53.822, 3.004, 3.022, 2.843, 2.969
0.875, 53.701, 3.040, 3.004, 2.807, 2.897
0.877, 53.742, 3.058, 2.969, 2.897, 2.933
0.879, 53.701, 2.933, 3.094, 2.754, 2.915
0.881, 53.782, 2.933, 3.058, 2.843, 2.951
0.883, 53.581, 3.004, 3.058, 2.897, 2.897
0.885, 53.701, 3.004, 2.843, 2.879, 2.969
0.887, 53.822, 2.843, 3.076, 2.843, 2.951
0.889, 53.701, 3.775, 3.112, 2.807, 3.004
0.891, 53.863, 2.969, 3.130, 2.897, 3.022
0.893, 53.742, 2.897, 3.040, 2.718, 2.951
0.895, 53.903, 2.969, 2.987, 2.772, 3.022
0.897, 53.903, 2.951, 3.022, 2.915, 2.861
0.899, 53.782, 2.951, 3.058, 2.897, 2.879
0.901, 53.742, 2.772, 3.004, 2.879, 3.004
0.903, 53.863, 2.843, 3.076, 2.646, 3.022
0.905, 53.782, 2.987, 2.825, 2.861, 2.951
0.907, 53.943, 2.897, 3.040, 2.718, 2.951
0.909, 53.822, 2.879, 2.951, 2.754, 2.915
0.911, 53.863, 2.969, 2.897, 2.754, 2.951
0.913, 53.863, 2.933, 2.915, 2.772, 2.969
0.915, 53.863, 2.915, 2.575, 2.825, 2.969
0.917, 53.903, 2.915, 3.112, 2.790, 2.987
0.919, 53.903, 2.807, 2.843, 3.201, 2.933
0.921, 53.782, 2.897, 1.984, 2.628, 2.969
0.923, 53.943, 2.915, 2.915, 2.861, 2.825
0.925, 53.822, 2.933, 2.987, 2.879, 3.040
0.927, 53.742, 2.951, 2.933, 3.004, 3.040
0.929, 53.943, 2.969, 2.879, 2.879, 3.058
0.931, 53.822, 3.004, 3.094, 2.825, 3.542
0.933, 53.943, 3.130, 3.022, 2.879, 2.897
0.935, 53.782, 3.846, 2.987, 2.951, 2.915
0.937, 53.984, 2.897, 3.094, 2.897, 3.112
0.939, 53.943, 2.664, 3.022, 2.861, 3.560
0.941, 53.863, 2.861, 3.040, 2.915, 5.368
0.943, 53.863, 2.843, 3.004, 2.843, 5.315
0.945, 53.943, 2.951, 1.948, 2.897, 4.527
0.947, 53.903, 2.861, 3.004, 2.843, 3.040
0.949, 53.943, 2.897, 2.987, 2.879, 3.004
0.951, 54.024, 2.915, 2.987, 2.861, 3.022
0.953, 53.903, 2.969, 2.951, 2.897, 2.879
0.955, 53.984, 2.861, 2.969, 3.004, 2.897
0.957, 53.903, 2.825, 3.076, 2.664, 3.201
0.959, 53.943, 2.843, 3.094, 2.843, 3.166
0.961, 53.903, 2.897, 3.022, 2.825, 3.112
0.963, 53.943, 2.933, 2.915, 2.861, 3.166
0.965, 53.822, 2.879, 3.076, 2.790, 3.058
0.967, 53.903, 2.843, 3.112, 2.790, 3.434
0.969, 54.064, 2.933, 3.022, 2.861, 3.416
0.971, 53.782, 2.915, 2.969, 2.736, 3.452
0.973, 53.943, 2.915, 3.112, 2.825, 3.022
0.975, 53.984, 2.843, 3.022, 2.807, 3.416
0.977, 53.822, 2.790, 3.040, 2.807, 3.595
0.979, 53.863, 2.718, 2.897, 2.772, 3.739
0.981, 53.903, 2.879, 2.897, 2.772, 4.025
0.983, 53.863, 2.682, 2.969, 2.772, 4.204
0.985, 53.782, 2.915, 2.825, 2.861, 3.864
0.987, 53.984, 2.879, 2.933, 2.628, 6.908
0.989, 53.903, 2.969, 2.969, 2.700, 3.542
0.991, 53.984, 2.879, 3.040, 2.825, 3.184
0.993, 53.903, 2.736, 3.148, 2.790, 3.130
0.995, 53.822, 2.879, 3.004, 2.843, 3.130
0.997, 53.903, 2.807, 2.933, 2.807, 3.112
0.999, 53.903, 2.951, 2.628, 2.825, 3.309
