1,0,0,0,0,0.96297,0.2696,0.48416,0,-0.2696,0.96297,0.28705,0,0,0,1
1,0,0,0,0,0.96396,0.26603,0.48436,0,-0.26603,0.96396,0.28687,0,0,0,1
1,0,0,0,0,0.96396,0.26603,0.48436,0,-0.26603,0.96396,0.28687,0,0,0,1
1,0,0,0,0,0.96396,0.26603,0.48436,0,-0.26603,0.96396,0.28687,0,0,0,1
1,0,0,0,0,0.96396,0.26603,0.48436,0,-0.26603,0.96396,0.28687,0,0,0,1
1,0,0,0,0,0.96396,0.26603,0.48436,0,-0.26603,0.96396,0.28687,0,0,0,1
1,0,0,0,0,0.96396,0.26603,0.48436,0,-0.26603,0.96396,0.28687,0,0,0,1
1,0,0,0,0,0.96508,0.26196,0.48477,0,-0.26196,0.96508,0.28689,0,0,0,1
1,0,0,0,0,0.9654,0.26078,0.48572,0,-0.26078,0.9654,0.28658,0,0,0,1
1,0,0,0,0,0.96298,0.26957,0.48688,0,-0.26957,0.96298,0.2867,0,0,0,1
1,0,0,0,0,0.96335,0.26826,0.48827,0,-0.26826,0.96335,0.28664,0,0,0,1
1,0,0,0,0,0.96269,0.27061,0.48971,0,-0.27061,0.96269,0.28674,0,0,0,1
1,0,0,0,0,0.96295,0.26968,0.49131,0,-0.26968,0.96295,0.28669,0,0,0,1
1,0,0,0,0,0.95935,0.2822,0.49292,0,-0.2822,0.95935,0.28648,0,0,0,1
1,0,0,0,0,0.95811,0.28641,0.49496,0,-0.28641,0.95811,0.28612,0,0,0,1
1,0,0,0,0,0.95611,0.29302,0.49791,0,-0.29302,0.95611,0.28564,0,0,0,1
1,0,0,0,0,0.9533,0.30204,0.50025,0,-0.30204,0.9533,0.28512,0,0,0,1
1,0,0,0,0,0.95,0.31226,0.50332,0,-0.31226,0.95,0.28497,0,0,0,1
1,0,0,0,0,0.94545,0.32576,0.50738,0,-0.32576,0.94545,0.28414,0,0,0,1
1,0,0,0,0,0.93953,0.34248,0.51132,0,-0.34248,0.93953,0.28314,0,0,0,1
1,0,0,0,0,0.93534,0.35374,0.51614,0,-0.35374,0.93534,0.28165,0,0,0,1
1,0,0,0,0,0.92756,0.37368,0.52028,0,-0.37368,0.92756,0.28022,0,0,0,1
1,0,0,0,0,0.92118,0.38915,0.52602,0,-0.38915,0.92118,0.27818,0,0,0,1
1,0,0,0,0,0.91509,0.40326,0.53084,0,-0.40326,0.91509,0.2771,0,0,0,1
1,0,0,0,0,0.90084,0.43415,0.53614,0,-0.43415,0.90084,0.27445,0,0,0,1
1,0,0,0,0,0.89532,0.44543,0.54274,0,-0.44543,0.89532,0.27187,0,0,0,1
1,0,0,0,0,0.88234,0.47061,0.54821,0,-0.47061,0.88234,0.26925,0,0,0,1
1,0,0,0,0,0.86411,0.5033,0.55418,0,-0.5033,0.86411,0.26624,0,0,0,1
1,0,0,0,0,0.85842,0.51295,0.56063,0,-0.51295,0.85842,0.26339,0,0,0,1
1,0,0,0,0,0.84418,0.53606,0.5654,0,-0.53606,0.84418,0.26015,0,0,0,1
1,0,0,0,0,0.82375,0.56695,0.5724,0,-0.56695,0.82375,0.25685,0,0,0,1
1,0,0,0,0,0.80901,0.5878,0.57635,0,-0.5878,0.80901,0.25364,0,0,0,1
1,0,0,0,0,0.80288,0.59614,0.58201,0,-0.59614,0.80288,0.24959,0,0,0,1
1,0,0,0,0,0.78699,0.61697,0.58551,0,-0.61697,0.78699,0.24759,0,0,0,1
1,0,0,0,0,0.77739,0.62902,0.58953,0,-0.62902,0.77739,0.24431,0,0,0,1
1,0,0,0,0,0.76315,0.64622,0.59226,0,-0.64622,0.76315,0.24201,0,0,0,1
1,0,0,0,0,0.75763,0.65269,0.59445,0,-0.65269,0.75763,0.24006,0,0,0,1
1,0,0,0,0,0.75103,0.66027,0.59686,0,-0.66027,0.75103,0.2388,0,0,0,1
1,0,0,0,0,0.74832,0.66334,0.59805,0,-0.66334,0.74832,0.237,0,0,0,1
1,0,0,0,0,0.74329,0.66896,0.59895,0,-0.66896,0.74329,0.23678,0,0,0,1
1,0,0,0,0,0.74136,0.6711,0.5995,0,-0.6711,0.74136,0.23651,0,0,0,1
1,0,0,0,0,0.73923,0.67345,0.59955,0,-0.67345,0.73923,0.23667,0,0,0,1
1,0,0,0,0,0.74478,0.66731,0.59949,0,-0.66731,0.74478,0.23704,0,0,0,1
1,0,0,0,0,0.74981,0.66165,0.59849,0,-0.66165,0.74981,0.238,0,0,0,1
1,0,0,0,0,0.75221,0.65892,0.59659,0,-0.65892,0.75221,0.23911,0,0,0,1
1,0,0,0,0,0.75533,0.65534,0.59522,0,-0.65534,0.75533,0.23981,0,0,0,1
1,0,0,0,0,0.76115,0.64858,0.59372,0,-0.64858,0.76115,0.24159,0,0,0,1
1,0,0,0,0,0.75972,0.65025,0.59156,0,-0.65025,0.75972,0.24375,0,0,0,1
1,0,0,0,0,0.77065,0.63726,0.58993,0,-0.63726,0.77065,0.24504,0,0,0,1
1,0,0,0,0,0.77461,0.63244,0.5877,0,-0.63244,0.77461,0.24616,0,0,0,1
1,0,0,0,0,0.78749,0.61632,0.5857,0,-0.61632,0.78749,0.24881,0,0,0,1
1,0,0,0,0,0.79006,0.61302,0.58249,0,-0.61302,0.79006,0.25006,0,0,0,1
1,0,0,0,0,0.80134,0.59821,0.57992,0,-0.59821,0.80134,0.25246,0,0,0,1
1,0,0,0,0,0.80902,0.58779,0.57604,0,-0.58779,0.80902,0.2546,0,0,0,1
1,0,0,0,0,0.82343,0.56742,0.57306,0,-0.56742,0.82343,0.25671,0,0,0,1
1,0,0,0,0,0.83207,0.55467,0.56938,0,-0.55467,0.83207,0.25893,0,0,0,1
1,0,0,0,0,0.84149,0.54027,0.56583,0,-0.54027,0.84149,0.26135,0,0,0,1
1,0,0,0,0,0.84902,0.52836,0.56192,0,-0.52836,0.84902,0.264,0,0,0,1
1,0,0,0,0,0.85779,0.51401,0.55735,0,-0.51401,0.85779,0.26591,0,0,0,1
1,0,0,0,0,0.8707,0.49181,0.55245,0,-0.49181,0.8707,0.26871,0,0,0,1
1,0,0,0,0,0.88642,0.46289,0.54845,0,-0.46289,0.88642,0.2709,0,0,0,1
1,0,0,0,0,0.90055,0.43475,0.544,0,-0.43475,0.90055,0.27418,0,0,0,1
1,0,0,0,0,0.9099,0.41484,0.5394,0,-0.41484,0.9099,0.27645,0,0,0,1
1,0,0,0,0,0.92013,0.3916,0.53426,0,-0.3916,0.92013,0.2796,0,0,0,1
1,0,0,0,0,0.93171,0.3632,0.52943,0,-0.3632,0.93171,0.28323,0,0,0,1
1,0,0,0,0,0.9426,0.33392,0.52396,0,-0.33392,0.9426,0.28684,0,0,0,1
1,0,0,0,0,0.95027,0.31143,0.51937,0,-0.31143,0.95027,0.28988,0,0,0,1
1,0,0,0,0,0.96349,0.26776,0.51364,0,-0.26776,0.96349,0.29384,0,0,0,1
1,0,0,0,0,0.97148,0.23711,0.50847,0,-0.23711,0.97148,0.29832,0,0,0,1
1,0,0,0,0,0.97984,0.19979,0.50257,0,-0.19979,0.97984,0.30357,0,0,0,1
1,0,0,0,0,0.98747,0.15783,0.49758,0,-0.15783,0.98747,0.30809,0,0,0,1
1,0,0,0,0,0.99301,0.11802,0.49159,0,-0.11802,0.99301,0.31406,0,0,0,1
1,0,0,0,0,0.99721,0.074626,0.48487,0,-0.074626,0.99721,0.32056,0,0,0,1
1,0,0,0,0,0.99955,0.029848,0.47996,0,-0.029848,0.99955,0.32761,0,0,0,1
1,0,0,0,0,1,-0.0026557,0.47383,0,0.0026557,1,0.33527,0,0,0,1
1,0,0,0,0,0.99896,-0.045496,0.46703,0,0.045496,0.99896,0.3428,0,0,0,1
1,0,0,0,0,0.99605,-0.088801,0.46108,0,0.088801,0.99605,0.35176,0,0,0,1
1,0,0,0,0,0.99283,-0.11953,0.45442,0,0.11953,0.99283,0.36071,0,0,0,1
1,0,0,0,0,0.987,-0.16073,0.44733,0,0.16073,0.987,0.37003,0,0,0,1
1,0,0,0,0,0.98023,-0.19786,0.44048,0,0.19786,0.98023,0.37882,0,0,0,1
1,0,0,0,0,0.97325,-0.22975,0.43367,0,0.22975,0.97325,0.39002,0,0,0,1
1,0,0,0,0,0.96698,-0.25487,0.42705,0,0.25487,0.96698,0.4001,0,0,0,1
1,0,0,0,0,0.96118,-0.27592,0.41966,0,0.27592,0.96118,0.41137,0,0,0,1
1,0,0,0,0,0.95397,-0.2999,0.41293,0,0.2999,0.95397,0.42208,0,0,0,1
1,0,0,0,0,0.94637,-0.3231,0.40545,0,0.3231,0.94637,0.43292,0,0,0,1
1,0,0,0,0,0.94183,-0.33609,0.3981,0,0.33609,0.94183,0.44382,0,0,0,1
1,0,0,0,0,0.93673,-0.35005,0.39112,0,0.35005,0.93673,0.45399,0,0,0,1
1,0,0,0,0,0.93357,-0.35839,0.38334,0,0.35839,0.93357,0.46495,0,0,0,1
1,0,0,0,0,0.93155,-0.3636,0.37476,0,0.3636,0.93155,0.47525,0,0,0,1
1,0,0,0,0,0.93,-0.36756,0.36834,0,0.36756,0.93,0.48509,0,0,0,1
1,0,0,0,0,0.93129,-0.36428,0.36124,0,0.36428,0.93129,0.49443,0,0,0,1
1,0,0,0,0,0.93222,-0.3619,0.35359,0,0.3619,0.93222,0.50397,0,0,0,1
1,0,0,0,0,0.9344,-0.35623,0.34637,0,0.35623,0.9344,0.51197,0,0,0,1
1,0,0,0,0,0.94085,-0.33881,0.3388,0,0.33881,0.94085,0.52067,0,0,0,1
1,0,0,0,0,0.94586,-0.32457,0.33196,0,0.32457,0.94586,0.52912,0,0,0,1
1,0,0,0,0,0.95071,-0.31009,0.32496,0,0.31009,0.95071,0.53616,0,0,0,1
1,0,0,0,0,0.95895,-0.28357,0.31705,0,0.28357,0.95895,0.5432,0,0,0,1
1,0,0,0,0,0.96351,-0.26767,0.30987,0,0.26767,0.96351,0.55092,0,0,0,1
1,0,0,0,0,0.96899,-0.2471,0.30254,0,0.2471,0.96899,0.55765,0,0,0,1
1,0,0,0,0,0.97766,-0.21019,0.29546,0,0.21019,0.97766,0.56474,0,0,0,1
1,0,0,0,0,0.98275,-0.18493,0.28791,0,0.18493,0.98275,0.57075,0,0,0,1
1,0,0,0,0,0.9846,-0.17483,0.27909,0,0.17483,0.9846,0.57753,0,0,0,1
1,0,0,0,0,0.98903,-0.14774,0.27175,0,0.14774,0.98903,0.58451,0,0,0,1
1,0,0,0,0,0.99344,-0.1144,0.26373,0,0.1144,0.99344,0.59052,0,0,0,1
1,0,0,0,0,0.99668,-0.081434,0.25681,0,0.081434,0.99668,0.59664,0,0,0,1
1,0,0,0,0,0.99887,-0.047494,0.24898,0,0.047494,0.99887,0.604,0,0,0,1
1,0,0,0,0,0.99996,-0.0094126,0.24158,0,0.0094126,0.99996,0.61058,0,0,0,1
1,0,0,0,0,0.99972,0.023685,0.23453,0,-0.023685,0.99972,0.61677,0,0,0,1
1,0,0,0,0,0.99827,0.058846,0.22714,0,-0.058846,0.99827,0.62361,0,0,0,1
1,0,0,0,0,0.99603,0.08903,0.22051,0,-0.08903,0.99603,0.62937,0,0,0,1
1,0,0,0,0,0.99449,0.10483,0.21142,0,-0.10483,0.99449,0.63536,0,0,0,1
1,0,0,0,0,0.99115,0.13276,0.20375,0,-0.13276,0.99115,0.64286,0,0,0,1
1,0,0,0,0,0.98619,0.16562,0.19723,0,-0.16562,0.98619,0.6494,0,0,0,1
1,0,0,0,0,0.98034,0.19733,0.18996,0,-0.19733,0.98034,0.65738,0,0,0,1
1,0,0,0,0,0.97531,0.22082,0.18245,0,-0.22082,0.97531,0.66408,0,0,0,1
1,0,0,0,0,0.96607,0.25829,0.17529,0,-0.25829,0.96607,0.67198,0,0,0,1
1,0,0,0,0,0.96004,0.27988,0.16845,0,-0.27988,0.96004,0.67834,0,0,0,1
1,0,0,0,0,0.94232,0.33471,0.16466,0,-0.33471,0.94232,0.68528,0,0,0,1
1,0,0,0,0,0.93324,0.35925,0.15711,0,-0.35925,0.93324,0.69316,0,0,0,1
1,0,0,0,0,0.9249,0.38022,0.15016,0,-0.38022,0.9249,0.70034,0,0,0,1
1,0,0,0,0,0.91389,0.40595,0.14313,0,-0.40595,0.91389,0.70862,0,0,0,1
1,0,0,0,0,0.91055,0.41339,0.13598,0,-0.41339,0.91055,0.71715,0,0,0,1
1,0,0,0,0,0.89935,0.43722,0.12901,0,-0.43722,0.89935,0.72487,0,0,0,1
1,0,0,0,0,0.87583,0.48262,0.12623,0,-0.48262,0.87583,0.73131,0,0,0,1
1,0,0,0,0,0.85926,0.51153,0.11972,0,-0.51153,0.85926,0.73899,0,0,0,1
1,0,0,0,0,0.8538,0.52059,0.11322,0,-0.52059,0.8538,0.74797,0,0,0,1
1,0,0,0,0,0.83564,0.54928,0.11109,0,-0.54928,0.83564,0.75631,0,0,0,1
1,0,0,0,0,0.83354,0.55246,0.1149,0,-0.55246,0.83354,0.76152,0,0,0,1
1,0,0,0,0,0.8249,0.56528,0.1185,0,-0.56528,0.8249,0.76692,0,0,0,1
1,0,0,0,0,0.81941,0.57321,0.1222,0,-0.57321,0.81941,0.77335,0,0,0,1
1,0,0,0,0,0.81499,0.57947,0.12551,0,-0.57947,0.81499,0.77956,0,0,0,1
1,0,0,0,0,0.8097,0.58685,0.12885,0,-0.58685,0.8097,0.78498,0,0,0,1
1,0,0,0,0,0.80517,0.59305,0.13258,0,-0.59305,0.80517,0.79124,0,0,0,1
1,0,0,0,0,0.79433,0.60749,0.13617,0,-0.60749,0.79433,0.79711,0,0,0,1
1,0,0,0,0,0.79096,0.61187,0.14076,0,-0.61187,0.79096,0.80266,0,0,0,1
1,0,0,0,0,0.77895,0.62708,0.14462,0,-0.62708,0.77895,0.8077,0,0,0,1
1,0,0,0,0,0.77487,0.63212,0.14964,0,-0.63212,0.77487,0.81257,0,0,0,1
1,0,0,0,0,0.76894,0.63932,0.15249,0,-0.63932,0.76894,0.81875,0,0,0,1
1,0,0,0,0,0.76044,0.64941,0.15723,0,-0.64941,0.76044,0.82316,0,0,0,1
1,0,0,0,0,0.7601,0.6498,0.16079,0,-0.6498,0.7601,0.82848,0,0,0,1
1,0,0,0,0,0.75071,0.66063,0.16579,0,-0.66063,0.75071,0.83303,0,0,0,1
1,0,0,0,0,0.74679,0.66506,0.16991,0,-0.66506,0.74679,0.83777,0,0,0,1
1,0,0,0,0,0.74276,0.66956,0.17479,0,-0.66956,0.74276,0.84254,0,0,0,1
1,0,0,0,0,0.73816,0.67463,0.17925,0,-0.67463,0.73816,0.84706,0,0,0,1
1,0,0,0,0,0.72704,0.6866,0.18356,0,-0.6866,0.72704,0.85187,0,0,0,1
1,0,0,0,0,0.71863,0.69539,0.18914,0,-0.69539,0.71863,0.85488,0,0,0,1
1,0,0,0,0,0.71129,0.7029,0.19441,0,-0.7029,0.71129,0.8576,0,0,0,1
1,0,0,0,0,0.70563,0.70859,0.19895,0,-0.70859,0.70563,0.86247,0,0,0,1
1,0,0,0,0,0.70181,0.71237,0.20412,0,-0.71237,0.70181,0.86668,0,0,0,1
1,0,0,0,0,0.69318,0.72077,0.20926,0,-0.72077,0.69318,0.86886,0,0,0,1
1,0,0,0,0,0.68259,0.73081,0.21324,0,-0.73081,0.68259,0.87167,0,0,0,1
1,0,0,0,0,0.67288,0.73975,0.21855,0,-0.73975,0.67288,0.8745,0,0,0,1
1,0,0,0,0,0.67028,0.74211,0.22416,0,-0.74211,0.67028,0.87766,0,0,0,1
1,0,0,0,0,0.66689,0.74516,0.22908,0,-0.74516,0.66689,0.87956,0,0,0,1
1,0,0,0,0,0.66693,0.74512,0.23397,0,-0.74512,0.66693,0.88247,0,0,0,1
1,0,0,0,0,0.65314,0.75724,0.23978,0,-0.75724,0.65314,0.88442,0,0,0,1
1,0,0,0,0,0.64542,0.76383,0.24445,0,-0.76383,0.64542,0.88603,0,0,0,1
1,0,0,0,0,0.64403,0.765,0.24951,0,-0.765,0.64403,0.88904,0,0,0,1
1,0,0,0,0,0.63481,0.77267,0.25438,0,-0.77267,0.63481,0.89153,0,0,0,1
1,0,0,0,0,0.6262,0.77966,0.25966,0,-0.77966,0.6262,0.89247,0,0,0,1
1,0,0,0,0,0.62289,0.78231,0.26496,0,-0.78231,0.62289,0.89352,0,0,0,1
1,0,0,0,0,0.62238,0.78272,0.26971,0,-0.78272,0.62238,0.89655,0,0,0,1
1,0,0,0,0,0.62074,0.78402,0.2745,0,-0.78402,0.62074,0.89725,0,0,0,1
1,0,0,0,0,0.61959,0.78493,0.27926,0,-0.78493,0.61959,0.8987,0,0,0,1
1,0,0,0,0,0.61555,0.7881,0.28351,0,-0.7881,0.61555,0.89886,0,0,0,1
1,0,0,0,0,0.61717,0.78683,0.28857,0,-0.78683,0.61717,0.89965,0,0,0,1
1,0,0,0,0,0.62209,0.78294,0.29444,0,-0.78294,0.62209,0.89948,0,0,0,1
1,0,0,0,0,0.60889,0.79325,0.29906,0,-0.79325,0.60889,0.89946,0,0,0,1
1,0,0,0,0,0.60584,0.79558,0.30403,0,-0.79558,0.60584,0.90009,0,0,0,1
1,0,0,0,0,-0.83471,-0.5507,0.41335,0,0.5507,-0.83471,0.30554,0,0,0,1
1,0,0,0,0,-0.83716,-0.54695,0.4134,0,0.54695,-0.83716,0.30604,0,0,0,1
1,0,0,0,0,-0.83637,-0.54816,0.41332,0,0.54816,-0.83637,0.30619,0,0,0,1
1,0,0,0,0,-0.83368,-0.55224,0.41356,0,0.55224,-0.83368,0.30568,0,0,0,1
1,0,0,0,0,-0.83448,-0.55103,0.41363,0,0.55103,-0.83448,0.30553,0,0,0,1
1,0,0,0,0,-0.83526,-0.54986,0.41339,0,0.54986,-0.83526,0.30541,0,0,0,1
1,0,0,0,0,-0.83626,-0.54833,0.41355,0,0.54833,-0.83626,0.30533,0,0,0,1
1,0,0,0,0,-0.83794,-0.54577,0.4146,0,0.54577,-0.83794,0.30641,0,0,0,1
1,0,0,0,0,-0.83559,-0.54936,0.41527,0,0.54936,-0.83559,0.30612,0,0,0,1
1,0,0,0,0,-0.83465,-0.55079,0.41568,0,0.55079,-0.83465,0.30589,0,0,0,1
1,0,0,0,0,-0.83198,-0.5548,0.41767,0,0.5548,-0.83198,0.30629,0,0,0,1
1,0,0,0,0,-0.834,-0.55176,0.41914,0,0.55176,-0.834,0.30597,0,0,0,1
1,0,0,0,0,-0.82936,-0.55871,0.42066,0,0.55871,-0.82936,0.30605,0,0,0,1
1,0,0,0,0,-0.82727,-0.5618,0.42275,0,0.5618,-0.82727,0.30664,0,0,0,1
1,0,0,0,0,-0.82406,-0.56651,0.4237,0,0.56651,-0.82406,0.30702,0,0,0,1
1,0,0,0,0,-0.81394,-0.58095,0.42691,0,0.58095,-0.81394,0.30689,0,0,0,1
1,0,0,0,0,-0.81294,-0.58235,0.42984,0,0.58235,-0.81294,0.30738,0,0,0,1
1,0,0,0,0,-0.80285,-0.59618,0.43288,0,0.59618,-0.80285,0.30918,0,0,0,1
1,0,0,0,0,-0.795,-0.60661,0.43631,0,0.60661,-0.795,0.30984,0,0,0,1
1,0,0,0,0,-0.78651,-0.61757,0.44064,0,0.61757,-0.78651,0.3106,0,0,0,1
1,0,0,0,0,-0.7684,-0.63997,0.44469,0,0.63997,-0.7684,0.31088,0,0,0,1
1,0,0,0,0,-0.75262,-0.65845,0.45005,0,0.65845,-0.75262,0.31182,0,0,0,1
1,0,0,0,0,-0.74206,-0.67034,0.45415,0,0.67034,-0.74206,0.31274,0,0,0,1
1,0,0,0,0,-0.71827,-0.69577,0.4593,0,0.69577,-0.71827,0.31341,0,0,0,1
1,0,0,0,0,-0.6984,-0.71571,0.46541,0,0.71571,-0.6984,0.31524,0,0,0,1
1,0,0,0,0,-0.67542,-0.73743,0.47178,0,0.73743,-0.67542,0.31605,0,0,0,1
1,0,0,0,0,-0.64248,-0.7663,0.4772,0,0.7663,-0.64248,0.31698,0,0,0,1
1,0,0,0,0,-0.61979,-0.78477,0.48364,0,0.78477,-0.61979,0.31834,0,0,0,1
1,0,0,0,0,-0.58838,-0.80858,0.489,0,0.80858,-0.58838,0.32034,0,0,0,1
1,0,0,0,0,-0.54922,-0.83568,0.49509,0,0.83568,-0.54922,0.32229,0,0,0,1
1,0,0,0,0,-0.51656,-0.85625,0.50019,0,0.85625,-0.51656,0.32515,0,0,0,1
1,0,0,0,0,-0.48139,-0.8765,0.50487,0,0.8765,-0.48139,0.32876,0,0,0,1
1,0,0,0,0,-0.44285,-0.89659,0.50964,0,0.89659,-0.44285,0.33261,0,0,0,1
1,0,0,0,0,-0.39691,-0.91786,0.51415,0,0.91786,-0.39691,0.3377,0,0,0,1
1,0,0,0,0,-0.35667,-0.93423,0.51776,0,0.93423,-0.35667,0.34358,0,0,0,1
1,0,0,0,0,-0.3116,-0.95021,0.52074,0,0.95021,-0.3116,0.3508,0,0,0,1
1,0,0,0,0,-0.26169,-0.96515,0.52331,0,0.96515,-0.26169,0.35695,0,0,0,1
1,0,0,0,0,-0.22299,-0.97482,0.52537,0,0.97482,-0.22299,0.3667,0,0,0,1
1,0,0,0,0,-0.18445,-0.98284,0.52722,0,0.98284,-0.18445,0.37523,0,0,0,1
1,0,0,0,0,-0.14468,-0.98948,0.52867,0,0.98948,-0.14468,0.38444,0,0,0,1
1,0,0,0,0,-0.09968,-0.99502,0.52929,0,0.99502,-0.09968,0.39531,0,0,0,1
1,0,0,0,0,-0.06087,-0.99815,0.52949,0,0.99815,-0.06087,0.40711,0,0,0,1
1,0,0,0,0,-0.012313,-0.99992,0.52981,0,0.99992,-0.012313,0.41864,0,0,0,1
1,0,0,0,0,0.0284,-0.9996,0.52931,0,0.9996,0.0284,0.43082,0,0,0,1
1,0,0,0,0,0.072691,-0.99735,0.52933,0,0.99735,0.072691,0.44312,0,0,0,1
1,0,0,0,0,0.10263,-0.99472,0.5282,0,0.99472,0.10263,0.45671,0,0,0,1
1,0,0,0,0,0.14838,-0.98893,0.52742,0,0.98893,0.14838,0.46897,0,0,0,1
1,0,0,0,0,0.19327,-0.98115,0.52576,0,0.98115,0.19327,0.48337,0,0,0,1
1,0,0,0,0,0.22478,-0.97441,0.52343,0,0.97441,0.22478,0.4969,0,0,0,1
1,0,0,0,0,0.27597,-0.96117,0.5209,0,0.96117,0.27597,0.51034,0,0,0,1
1,0,0,0,0,0.30824,-0.95131,0.51885,0,0.95131,0.30824,0.52466,0,0,0,1
1,0,0,0,0,0.34441,-0.93882,0.5159,0,0.93882,0.34441,0.5379,0,0,0,1
1,0,0,0,0,0.38192,-0.92419,0.51318,0,0.92419,0.38192,0.5525,0,0,0,1
1,0,0,0,0,0.41597,-0.90938,0.50975,0,0.90938,0.41597,0.56725,0,0,0,1
1,0,0,0,0,0.45957,-0.88814,0.50574,0,0.88814,0.45957,0.58169,0,0,0,1
1,0,0,0,0,0.4892,-0.87217,0.50238,0,0.87217,0.4892,0.59602,0,0,0,1
1,0,0,0,0,0.52362,-0.85195,0.49837,0,0.85195,0.52362,0.61053,0,0,0,1
1,0,0,0,0,0.55733,-0.83029,0.49366,0,0.83029,0.55733,0.62382,0,0,0,1
1,0,0,0,0,0.58567,-0.81055,0.48961,0,0.81055,0.58567,0.63818,0,0,0,1
1,0,0,0,0,0.61416,-0.78918,0.48446,0,0.78918,0.61416,0.652,0,0,0,1
1,0,0,0,0,0.64513,-0.76407,0.47916,0,0.76407,0.64513,0.66623,0,0,0,1
1,0,0,0,0,0.6711,-0.74137,0.47381,0,0.74137,0.6711,0.67865,0,0,0,1
1,0,0,0,0,0.70047,-0.71368,0.46829,0,0.71368,0.70047,0.69263,0,0,0,1
1,0,0,0,0,0.72081,-0.69314,0.46239,0,0.69314,0.72081,0.70549,0,0,0,1
1,0,0,0,0,0.7408,-0.67172,0.45555,0,0.67172,0.7408,0.71894,0,0,0,1
1,0,0,0,0,0.77047,-0.63748,0.44927,0,0.63748,0.77047,0.73266,0,0,0,1
1,0,0,0,0,0.78878,-0.61467,0.44255,0,0.61467,0.78878,0.74535,0,0,0,1
1,0,0,0,0,0.8139,-0.581,0.43597,0,0.581,0.8139,0.75848,0,0,0,1
1,0,0,0,0,0.83413,-0.55158,0.42826,0,0.55158,0.83413,0.77237,0,0,0,1
1,0,0,0,0,0.85336,-0.52133,0.42158,0,0.52133,0.85336,0.78543,0,0,0,1
1,0,0,0,0,0.8711,-0.49111,0.41326,0,0.49111,0.8711,0.79828,0,0,0,1
1,0,0,0,0,0.89016,-0.45565,0.40617,0,0.45565,0.89016,0.81064,0,0,0,1
1,0,0,0,0,0.90594,-0.42341,0.39845,0,0.42341,0.90594,0.82356,0,0,0,1
1,0,0,0,0,0.91616,-0.40082,0.3876,0,0.40082,0.91616,0.83556,0,0,0,1
1,0,0,0,0,0.93389,-0.35756,0.38131,0,0.35756,0.93389,0.84859,0,0,0,1
1,0,0,0,0,0.94452,-0.32846,0.37247,0,0.32846,0.94452,0.86133,0,0,0,1
1,0,0,0,0,0.95685,-0.29058,0.36487,0,0.29058,0.95685,0.87351,0,0,0,1
1,0,0,0,0,0.96656,-0.25642,0.35631,0,0.25642,0.96656,0.88534,0,0,0,1
1,0,0,0,0,0.97385,-0.22721,0.34811,0,0.22721,0.97385,0.89774,0,0,0,1
1,0,0,0,0,0.98155,-0.19123,0.33984,0,0.19123,0.98155,0.90954,0,0,0,1
1,0,0,0,0,0.98669,-0.16259,0.33181,0,0.16259,0.98669,0.92062,0,0,0,1
1,0,0,0,0,0.99116,-0.13266,0.32426,0,0.13266,0.99116,0.9329,0,0,0,1
1,0,0,0,0,0.99314,-0.11693,0.3156,0,0.11693,0.99314,0.94499,0,0,0,1
1,0,0,0,0,0.99616,-0.087498,0.30984,0,0.087498,0.99616,0.95617,0,0,0,1
1,0,0,0,0,0.99733,-0.073083,0.30371,0,0.073083,0.99733,0.96682,0,0,0,1
1,0,0,0,0,0.9994,-0.034576,0.29727,0,0.034576,0.9994,0.97907,0,0,0,1
1,0,0,0,0,0.99969,-0.024894,0.29026,0,0.024894,0.99969,0.98966,0,0,0,1
1,0,0,0,0,0.9998,-0.020021,0.28466,0,0.020021,0.9998,1.0004,0,0,0,1
1,0,0,0,0,0.99999,-0.0046687,0.27996,0,0.0046687,0.99999,1.0103,0,0,0,1
1,0,0,0,0,0.99999,0.0039949,0.27527,0,-0.0039949,0.99999,1.0217,0,0,0,1
1,0,0,0,0,0.99987,0.015908,0.27155,0,-0.015908,0.99987,1.0321,0,0,0,1
1,0,0,0,0,0.99946,0.032718,0.26674,0,-0.032718,0.99946,1.0436,0,0,0,1
1,0,0,0,0,0.99927,0.03821,0.26348,0,-0.03821,0.99927,1.0548,0,0,0,1
1,0,0,0,0,0.99804,0.062597,0.26211,0,-0.062597,0.99804,1.064,0,0,0,1
1,0,0,0,0,0.99808,0.061896,0.26055,0,-0.061896,0.99808,1.0754,0,0,0,1
1,0,0,0,0,0.99818,0.060386,0.25876,0,-0.060386,0.99818,1.0852,0,0,0,1
1,0,0,0,0,0.9982,0.060006,0.25657,0,-0.060006,0.9982,1.0948,0,0,0,1
1,0,0,0,0,0.9984,0.056532,0.2575,0,-0.056532,0.9984,1.1037,0,0,0,1
1,0,0,0,0,0.99868,0.051274,0.25622,0,-0.051274,0.99868,1.113,0,0,0,1
1,0,0,0,0,0.99735,0.072816,0.25381,0,-0.072816,0.99735,1.1218,0,0,0,1
1,0,0,0,0,0.99762,0.068999,0.25296,0,-0.068999,0.99762,1.1309,0,0,0,1
1,0,0,0,0,0.99647,0.083967,0.25111,0,-0.083967,0.99647,1.1399,0,0,0,1
1,0,0,0,0,0.99821,0.059811,0.25211,0,-0.059811,0.99821,1.148,0,0,0,1
1,0,0,0,0,0.999,0.044816,0.2531,0,-0.044816,0.999,1.1561,0,0,0,1
1,0,0,0,0,0.99898,0.045189,0.25404,0,-0.045189,0.99898,1.1646,0,0,0,1
1,0,0,0,0,0.99905,0.043646,0.2556,0,-0.043646,0.99905,1.173,0,0,0,1
1,0,0,0,0,0.99899,0.044842,0.25583,0,-0.044842,0.99899,1.1801,0,0,0,1
1,0,0,0,0,0.99856,0.053559,0.25647,0,-0.053559,0.99856,1.188,0,0,0,1
1,0,0,0,0,0.99839,0.056701,0.25713,0,-0.056701,0.99839,1.1945,0,0,0,1
1,0,0,0,0,0.99885,0.047865,0.25862,0,-0.047865,0.99885,1.2023,0,0,0,1
1,0,0,0,0,0.99919,0.040175,0.25924,0,-0.040175,0.99919,1.2089,0,0,0,1
1,0,0,0,0,0.99926,0.038526,0.25926,0,-0.038526,0.99926,1.2146,0,0,0,1
1,0,0,0,0,0.99952,0.031141,0.26043,0,-0.031141,0.99952,1.2218,0,0,0,1
1,0,0,0,0,0.99965,0.026482,0.26102,0,-0.026482,0.99965,1.2282,0,0,0,1
1,0,0,0,0,0.99979,0.020679,0.26153,0,-0.020679,0.99979,1.2343,0,0,0,1
1,0,0,0,0,0.99984,0.018154,0.26161,0,-0.018154,0.99984,1.2396,0,0,0,1
1,0,0,0,0,0.9998,0.020221,0.2622,0,-0.020221,0.9998,1.2448,0,0,0,1
1,0,0,0,0,0.99985,0.017594,0.26259,0,-0.017594,0.99985,1.2498,0,0,0,1
1,0,0,0,0,0.99998,0.0066064,0.26192,0,-0.0066064,0.99998,1.255,0,0,0,1
1,0,0,0,0,0.99993,0.011447,0.26353,0,-0.011447,0.99993,1.2599,0,0,0,1
1,0,0,0,0,0.99995,0.0096857,0.26348,0,-0.0096857,0.99995,1.2646,0,0,0,1
1,0,0,0,0,0.99996,0.0085089,0.2637,0,-0.0085089,0.99996,1.269,0,0,0,1
1,0,0,0,0,0.99974,0.022615,0.26327,0,-0.022615,0.99974,1.273,0,0,0,1
1,0,0,0,0,0.99944,0.033471,0.26237,0,-0.033471,0.99944,1.2778,0,0,0,1
1,0,0,0,0,0.99977,0.021573,0.26384,0,-0.021573,0.99977,1.2819,0,0,0,1
1,0,0,0,0,0.99987,0.016411,0.26486,0,-0.016411,0.99987,1.2852,0,0,0,1
1,0,0,0,0,0.99993,0.011491,0.26657,0,-0.011491,0.99993,1.2889,0,0,0,1
1,0,0,0,0,0.99989,-0.014749,0.27143,0,0.014749,0.99989,1.2944,0,0,0,1
1,0,0,0,0,0.99959,-0.028726,0.2736,0,0.028726,0.99959,1.2984,0,0,0,1
1,0,0,0,0,0.99955,-0.029847,0.2752,0,0.029847,0.99955,1.3028,0,0,0,1
1,0,0,0,0,0.99922,-0.039422,0.27913,0,0.039422,0.99922,1.3073,0,0,0,1
1,0,0,0,0,0.99835,-0.057488,0.28165,0,0.057488,0.99835,1.3105,0,0,0,1
1,0,0,0,0,0.99679,-0.080094,0.28564,0,0.080094,0.99679,1.3139,0,0,0,1
1,0,0,0,0,0.99657,-0.082808,0.28692,0,0.082808,0.99657,1.3178,0,0,0,1
1,0,0,0,0,0.99368,-0.11225,0.29083,0,0.11225,0.99368,1.3209,0,0,0,1
1,0,0,0,0,0.99301,-0.11806,0.29349,0,0.11806,0.99301,1.3249,0,0,0,1
1,0,0,0,0,0.99232,-0.12372,0.29533,0,0.12372,0.99232,1.3272,0,0,0,1
1,0,0,0,0,0.989,-0.14794,0.29911,0,0.14794,0.989,1.3305,0,0,0,1
1,0,0,0,0,0.98531,-0.17078,0.3019,0,0.17078,0.98531,1.3312,0,0,0,1
1,0,0,0,0,0.9847,-0.17426,0.30439,0,0.17426,0.9847,1.3354,0,0,0,1
1,0,0,0,0,0.98412,-0.17753,0.30828,0,0.17753,0.98412,1.3374,0,0,0,1
1,0,0,0,0,0.98077,-0.19518,0.3112,0,0.19518,0.98077,1.339,0,0,0,1
1,0,0,0,0,0.97442,-0.22472,0.31413,0,0.22472,0.97442,1.3406,0,0,0,1
1,0,0,0,0,0.97483,-0.22295,0.31884,0,0.22295,0.97483,1.3432,0,0,0,1
1,0,0,0,0,0.97459,-0.22399,0.32077,0,0.22399,0.97459,1.3444,0,0,0,1
1,0,0,0,0,0.96851,-0.24898,0.32362,0,0.24898,0.96851,1.3462,0,0,0,1
1,0,0,0,0,0.96494,-0.26246,0.32795,0,0.26246,0.96494,1.3474,0,0,0,1
1,0,0,0,0,0.96265,-0.27075,0.33041,0,0.27075,0.96265,1.348,0,0,0,1
1,0,0,0,0,0.96003,-0.27991,0.33387,0,0.27991,0.96003,1.3494,0,0,0,1
1,0,0,0,0,0.95902,-0.28334,0.33701,0,0.28334,0.95902,1.3501,0,0,0,1
1,0,0,0,0,0.95722,-0.28936,0.34013,0,0.28936,0.95722,1.3511,0,0,0,1
1,0,0,0,0,0.95145,-0.3078,0.34317,0,0.3078,0.95145,1.3513,0,0,0,1
1,0,0,0,0,0.94991,-0.31254,0.34643,0,0.31254,0.94991,1.3517,0,0,0,1
1,0,0,0,0,0.94392,-0.33018,0.34986,0,0.33018,0.94392,1.3517,0,0,0,1
1,0,0,0,0,0.937,-0.34934,0.35292,0,0.34934,0.937,1.3511,0,0,0,1
1,0,0,0,0,0.93633,-0.35111,0.35467,0,0.35111,0.93633,1.3506,0,0,0,1
1,0,0,0,0,0.92999,-0.3676,0.35786,0,0.3676,0.92999,1.3503,0,0,0,1
1,0,0,0,0,0.92072,-0.39023,0.36224,0,0.39023,0.92072,1.3494,0,0,0,1
1,0,0,0,0,0.91491,-0.40367,0.36635,0,0.40367,0.91491,1.3489,0,0,0,1
1,0,0,0,0,0.90434,-0.42681,0.36953,0,0.42681,0.90434,1.3491,0,0,0,1
1,0,0,0,0,0.89657,-0.44291,0.37248,0,0.44291,0.89657,1.3499,0,0,0,1
1,0,0,0,0,0.89272,-0.45062,0.3766,0,0.45062,0.89272,1.3487,0,0,0,1
1,0,0,0,0,0.88452,-0.4665,0.38055,0,0.4665,0.88452,1.3479,0,0,0,1
1,0,0,0,0,0.88666,-0.46243,0.38184,0,0.46243,0.88666,1.347,0,0,0,1
1,0,0,0,0,0.88293,-0.46951,0.3837,0,0.46951,0.88293,1.3442,0,0,0,1
1,0,0,0,0,0.87328,-0.48723,0.38827,0,0.48723,0.87328,1.342,0,0,0,1
1,0,0,0,0,0.86862,-0.49548,0.39097,0,0.49548,0.86862,1.3406,0,0,0,1
1,0,0,0,0,0.86704,-0.49824,0.39324,0,0.49824,0.86704,1.339,0,0,0,1
1,0,0,0,0,0.86534,-0.50118,0.39613,0,0.50118,0.86534,1.3362,0,0,0,1
1,0,0,0,0,1,-0.00050422,0,0,0.00050422,1,0.06793,0,0,0,1
1,0,0,0,0,1,-0.00077152,0.00022603,0,0.00077152,1,0.06789,0,0,0,1
1,0,0,0,0,1,-0.0012845,3.7903e-05,0,0.0012845,1,0.068198,0,0,0,1
1,0,0,0,0,1,-0.00086164,0.00030076,0,0.00086164,1,0.067877,0,0,0,1
1,0,0,0,0,1,0.00035914,0.00024854,0,-0.00035914,1,0.067694,0,0,0,1
1,0,0,0,0,1,-0.00086218,0.00020792,0,0.00086218,1,0.067877,0,0,0,1
1,0,0,0,0,1,-0.00086218,0.00020792,0,0.00086218,1,0.067877,0,0,0,1
1,0,0,0,0,1,0,5.5005e-05,0,0,1,0.067748,0,0,0,1
1,0,0,0,0,1,0.00096166,-0.00011815,0,-0.00096166,1,0.067784,0,0,0,1
1,0,0,0,0,1,0.00011476,0.00046787,0,-0.00011476,1,0.06773,0,0,0,1
1,0,0,0,0,1,-0.00085984,0.00061409,0,0.00085984,1,0.067877,0,0,0,1
1,0,0,0,0,1,0,0.00074311,0,0,1,0.068436,0,0,0,1
1,0,0,0,0,1,0.0025411,0.0010196,0,-0.0025411,1,0.069505,0,0,0,1
1,0,0,0,0,0.99999,0.0051723,0.00057109,0,-0.0051723,0.99999,0.071618,0,0,0,1
1,0,0,0,0,0.99999,0.0051634,0.00048507,0,-0.0051634,0.99999,0.072822,0,0,0,1
1,0,0,0,0,0.99997,0.0081804,0.00057027,0,-0.0081804,0.99997,0.074788,0,0,0,1
1,0,0,0,0,0.99998,0.0058564,0.00085923,0,-0.0058564,0.99998,0.077656,0,0,0,1
1,0,0,0,0,0.99997,0.0079363,0.0009689,0,-0.0079363,0.99997,0.080892,0,0,0,1
1,0,0,0,0,0.99997,0.0081519,5.5005e-05,0,-0.0081519,0.99997,0.084496,0,0,0,1
1,0,0,0,0,0.99994,0.01106,0.00073738,0,-0.01106,0.99994,0.088282,0,0,0,1
1,0,0,0,0,0.99984,0.018029,0.00028588,0,-0.018029,0.99984,0.093094,0,0,0,1
1,0,0,0,0,0.9998,0.02015,0.000359,0,-0.02015,0.9998,0.098335,0,0,0,1
1,0,0,0,0,0.99978,0.021118,0.00028588,0,-0.021118,0.99978,0.10433,0,0,0,1
1,0,0,0,0,0.99976,0.021988,0.00015295,0,-0.021988,0.99976,0.11031,0,0,0,1
1,0,0,0,0,0.99955,0.030156,5.817e-05,0,-0.030156,0.99955,0.11853,0,0,0,1
1,0,0,0,0,0.99957,0.029349,-0.0001993,0,-0.029349,0.99957,0.12649,0,0,0,1
1,0,0,0,0,0.99948,0.032187,-0.00083505,0,-0.032187,0.99948,0.13571,0,0,0,1
1,0,0,0,0,0.9994,0.034528,-0.0013561,0,-0.034528,0.9994,0.14629,0,0,0,1
1,0,0,0,0,0.99933,0.036732,-0.0018725,0,-0.036732,0.99933,0.15794,0,0,0,1
1,0,0,0,0,0.99927,0.038293,-0.0031741,0,-0.038293,0.99927,0.16966,0,0,0,1
1,0,0,0,0,0.99919,0.040136,-0.0038818,0,-0.040136,0.99919,0.18188,0,0,0,1
1,0,0,0,0,0.99919,0.040355,-0.0043202,0,-0.040355,0.99919,0.19811,0,0,0,1
1,0,0,0,0,0.99901,0.044576,-0.0050874,0,-0.044576,0.99901,0.21286,0,0,0,1
1,0,0,0,0,0.99882,0.048584,-0.005579,0,-0.048584,0.99882,0.23042,0,0,0,1
1,0,0,0,0,0.99881,0.048788,-0.0068505,0,-0.048788,0.99881,0.24841,0,0,0,1
1,0,0,0,0,0.99893,0.046269,-0.0075832,0,-0.046269,0.99893,0.26686,0,0,0,1
1,0,0,0,0,0.99852,0.054467,-0.0081747,0,-0.054467,0.99852,0.28621,0,0,0,1
1,0,0,0,0,0.99864,0.052137,-0.0085754,0,-0.052137,0.99864,0.30628,0,0,0,1
1,0,0,0,0,0.99836,0.057268,-0.0085606,0,-0.057268,0.99836,0.32663,0,0,0,1
1,0,0,0,0,0.99893,0.046252,-0.0091362,0,-0.046252,0.99893,0.34742,0,0,0,1
1,0,0,0,0,0.99877,0.049532,-0.0097827,0,-0.049532,0.99877,0.36936,0,0,0,1
1,0,0,0,0,0.99881,0.04886,-0.010068,0,-0.04886,0.99881,0.39173,0,0,0,1
1,0,0,0,0,0.99898,0.045218,-0.010393,0,-0.045218,0.99898,0.41485,0,0,0,1
1,0,0,0,0,0.99908,0.042963,-0.011236,0,-0.042963,0.99908,0.43734,0,0,0,1
1,0,0,0,0,0.99911,0.042101,-0.011217,0,-0.042101,0.99911,0.45991,0,0,0,1
1,0,0,0,0,0.99929,0.037719,-0.011051,0,-0.037719,0.99929,0.48333,0,0,0,1
1,0,0,0,0,0.99938,0.035326,-0.010985,0,-0.035326,0.99938,0.50703,0,0,0,1
1,0,0,0,0,0.9996,0.028147,-0.011001,0,-0.028147,0.9996,0.53042,0,0,0,1
1,0,0,0,0,0.99974,0.022989,-0.011094,0,-0.022989,0.99974,0.55383,0,0,0,1
1,0,0,0,0,0.99973,0.023172,-0.010582,0,-0.023172,0.99973,0.57741,0,0,0,1
1,0,0,0,0,0.99982,0.018816,-0.010741,0,-0.018816,0.99982,0.60149,0,0,0,1
1,0,0,0,0,0.99988,0.015799,-0.010719,0,-0.015799,0.99988,0.6252,0,0,0,1
1,0,0,0,0,0.99993,0.011589,-0.010572,0,-0.011589,0.99993,0.64886,0,0,0,1
1,0,0,0,0,0.99998,0.0060383,-0.01034,0,-0.0060383,0.99998,0.67242,0,0,0,1
1,0,0,0,0,0.99999,0.0041336,-0.010158,0,-0.0041336,0.99999,0.69584,0,0,0,1
1,0,0,0,0,1,-0.0016653,-0.010069,0,0.0016653,1,0.71817,0,0,0,1
1,0,0,0,0,0.99999,-0.0043372,-0.010016,0,0.0043372,0.99999,0.74105,0,0,0,1
1,0,0,0,0,0.99998,-0.0059058,-0.0096407,0,0.0059058,0.99998,0.76386,0,0,0,1
1,0,0,0,0,0.99988,-0.015601,-0.0099331,0,0.015601,0.99988,0.78639,0,0,0,1
1,0,0,0,0,0.99982,-0.018838,-0.0096205,0,0.018838,0.99982,0.80798,0,0,0,1
1,0,0,0,0,0.9999,-0.013994,-0.0093198,0,0.013994,0.9999,0.83025,0,0,0,1
1,0,0,0,0,0.99973,-0.023063,-0.0091592,0,0.023063,0.99973,0.85143,0,0,0,1
1,0,0,0,0,0.99979,-0.02036,-0.0085425,0,0.02036,0.99979,0.8727,0,0,0,1
1,0,0,0,0,0.99963,-0.027323,-0.0083473,0,0.027323,0.99963,0.8927,0,0,0,1
1,0,0,0,0,0.99952,-0.031087,-0.0076304,0,0.031087,0.99952,0.91436,0,0,0,1
1,0,0,0,0,0.99937,-0.035529,-0.0074416,0,0.035529,0.99937,0.93295,0,0,0,1
1,0,0,0,0,0.99915,-0.041329,-0.0072877,0,0.041329,0.99915,0.95312,0,0,0,1
1,0,0,0,0,0.99907,-0.043158,-0.0061075,0,0.043158,0.99907,0.973,0,0,0,1
1,0,0,0,0,0.99907,-0.043207,-0.0056644,0,0.043207,0.99907,0.99164,0,0,0,1
1,0,0,0,0,0.99883,-0.048271,-0.0048297,0,0.048271,0.99883,1.01,0,0,0,1
1,0,0,0,0,0.99864,-0.052118,-0.0044573,0,0.052118,0.99864,1.0281,0,0,0,1
1,0,0,0,0,0.99832,-0.05789,-0.0035796,0,0.05789,0.99832,1.0458,0,0,0,1
1,0,0,0,0,0.99837,-0.057023,-0.0027943,0,0.057023,0.99837,1.0636,0,0,0,1
1,0,0,0,0,0.99804,-0.062552,-0.0017846,0,0.062552,0.99804,1.08,0,0,0,1
1,0,0,0,0,0.99805,-0.062412,-0.0014196,0,0.062412,0.99805,1.0963,0,0,0,1
1,0,0,0,0,0.99794,-0.064221,-0.0012914,0,0.064221,0.99794,1.1118,0,0,0,1
1,0,0,0,0,0.99799,-0.063449,-0.0014999,0,0.063449,0.99799,1.1267,0,0,0,1
1,0,0,0,0,0.99799,-0.063301,-0.00087107,0,0.063301,0.99799,1.1412,0,0,0,1
1,0,0,0,0,0.9977,-0.067792,-0.0012608,0,0.067792,0.9977,1.1554,0,0,0,1
1,0,0,0,0,0.99744,-0.07145,-0.00090902,0,0.07145,0.99744,1.1691,0,0,0,1
1,0,0,0,0,0.99744,-0.071445,-0.00090678,0,0.071445,0.99744,1.1817,0,0,0,1
1,0,0,0,0,0.99759,-0.069421,-0.00098576,0,0.069421,0.99759,1.195,0,0,0,1
1,0,0,0,0,0.99722,-0.074478,-0.0012737,0,0.074478,0.99722,1.2076,0,0,0,1
1,0,0,0,0,0.99702,-0.077135,-0.0011148,0,0.077135,0.99702,1.2197,0,0,0,1
1,0,0,0,0,0.99717,-0.075238,-0.0010939,0,0.075238,0.99717,1.2317,0,0,0,1
1,0,0,0,0,0.99716,-0.075344,-0.0014603,0,0.075344,0.99716,1.2436,0,0,0,1
1,0,0,0,0,0.99712,-0.07587,-0.0016355,0,0.07587,0.99712,1.2558,0,0,0,1
1,0,0,0,0,0.99709,-0.076168,-0.002662,0,0.076168,0.99709,1.2677,0,0,0,1
1,0,0,0,0,0.99715,-0.075437,-0.0035518,0,0.075437,0.99715,1.2777,0,0,0,1
1,0,0,0,0,0.99694,-0.078141,-0.0043995,0,0.078141,0.99694,1.2886,0,0,0,1
1,0,0,0,0,0.99709,-0.076173,-0.0046314,0,0.076173,0.99709,1.2998,0,0,0,1
1,0,0,0,0,0.99709,-0.076234,-0.0046875,0,0.076234,0.99709,1.31,0,0,0,1
1,0,0,0,0,0.9972,-0.074744,-0.0053804,0,0.074744,0.9972,1.3211,0,0,0,1
1,0,0,0,0,0.99684,-0.079496,-0.0059921,0,0.079496,0.99684,1.3314,0,0,0,1
1,0,0,0,0,0.99666,-0.081664,-0.0064243,0,0.081664,0.99666,1.342,0,0,0,1
1,0,0,0,0,0.99617,-0.087388,-0.0072628,0,0.087388,0.99617,1.3513,0,0,0,1
1,0,0,0,0,0.99648,-0.083832,-0.0073591,0,0.083832,0.99648,1.3615,0,0,0,1
1,0,0,0,0,0.99627,-0.0863,-0.0078112,0,0.0863,0.99627,1.3715,0,0,0,1
1,0,0,0,0,0.99613,-0.087863,-0.008579,0,0.087863,0.99613,1.3813,0,0,0,1
1,0,0,0,0,0.99615,-0.087716,-0.00892,0,0.087716,0.99615,1.39,0,0,0,1
1,0,0,0,0,0.9964,-0.084823,-0.0098271,0,0.084823,0.9964,1.3998,0,0,0,1
1,0,0,0,0,0.9962,-0.087096,-0.011022,0,0.087096,0.9962,1.4085,0,0,0,1
1,0,0,0,0,0.99625,-0.086486,-0.011243,0,0.086486,0.99625,1.4167,0,0,0,1
1,0,0,0,0,0.99611,-0.088169,-0.011293,0,0.088169,0.99611,1.4254,0,0,0,1
1,0,0,0,0,0.99634,-0.085457,-0.011643,0,0.085457,0.99634,1.4329,0,0,0,1
1,0,0,0,0,0.99615,-0.087718,-0.011946,0,0.087718,0.99615,1.441,0,0,0,1
1,0,0,0,0,0.99611,-0.088105,-0.01237,0,0.088105,0.99611,1.4489,0,0,0,1
1,0,0,0,0,0.9957,-0.0926,-0.012976,0,0.0926,0.9957,1.4565,0,0,0,1
1,0,0,0,0,0.99594,-0.090047,-0.013428,0,0.090047,0.99594,1.4636,0,0,0,1
1,0,0,0,0,0.9961,-0.088262,-0.013817,0,0.088262,0.9961,1.4699,0,0,0,1
1,0,0,0,0,0.99642,-0.084509,-0.014376,0,0.084509,0.99642,1.4765,0,0,0,1
1,0,0,0,0,0.99649,-0.083711,-0.015439,0,0.083711,0.99649,1.4835,0,0,0,1
1,0,0,0,0,0.99626,-0.086352,-0.015295,0,0.086352,0.99626,1.49,0,0,0,1
1,0,0,0,0,0.99624,-0.086592,-0.016002,0,0.086592,0.99624,1.4959,0,0,0,1
1,0,0,0,0,0.99623,-0.086764,-0.016115,0,0.086764,0.99623,1.5018,0,0,0,1
1,0,0,0,0,0.99603,-0.089052,-0.016767,0,0.089052,0.99603,1.5074,0,0,0,1
1,0,0,0,0,0.99583,-0.091274,-0.016977,0,0.091274,0.99583,1.513,0,0,0,1
1,0,0,0,0,0.99616,-0.087496,-0.017257,0,0.087496,0.99616,1.5179,0,0,0,1
1,0,0,0,0,0.99635,-0.085383,-0.017554,0,0.085383,0.99635,1.5234,0,0,0,1
1,0,0,0,0,0.99619,-0.087185,-0.018176,0,0.087185,0.99619,1.5283,0,0,0,1
1,0,0,0,0,0.99593,-0.090178,-0.01914,0,0.090178,0.99593,1.5333,0,0,0,1
1,0,0,0,0,0.99626,-0.08642,-0.019128,0,0.08642,0.99626,1.5368,0,0,0,1
1,0,0,0,0,0.99603,-0.08903,-0.019998,0,0.08903,0.99603,1.5419,0,0,0,1
1,0,0,0,0,0.99601,-0.089222,-0.020551,0,0.089222,0.99601,1.5451,0,0,0,1
1,0,0,0,0,0.99594,-0.090012,-0.020516,0,0.090012,0.99594,1.549,0,0,0,1
1,0,0,0,0,0.9956,-0.093754,-0.021399,0,0.093754,0.9956,1.5529,0,0,0,1
1,0,0,0,0,0.99594,-0.090004,-0.021594,0,0.090004,0.99594,1.5559,0,0,0,1
1,0,0,0,0,0.99547,-0.095029,-0.021912,0,0.095029,0.99547,1.5595,0,0,0,1
1,0,0,0,0,0.99529,-0.096992,-0.022172,0,0.096992,0.99529,1.5631,0,0,0,1
1,0,0,0,0,0.99445,-0.10523,-0.022681,0,0.10523,0.99445,1.5666,0,0,0,1
1,0,0,0,0,0.99451,-0.1046,-0.022631,0,0.1046,0.99451,1.5697,0,0,0,1
1,0,0,0,0,0.99404,-0.10903,-0.022751,0,0.10903,0.99404,1.573,0,0,0,1
1,0,0,0,0,0.99384,-0.1108,-0.02261,0,0.1108,0.99384,1.5759,0,0,0,1
1,0,0,0,0,0.99384,-0.11084,-0.022427,0,0.11084,0.99384,1.5785,0,0,0,1
1,0,0,0,0,0.99391,-0.11018,-0.023192,0,0.11018,0.99391,1.5808,0,0,0,1
1,0,0,0,0,0.99338,-0.11485,-0.023362,0,0.11485,0.99338,1.5832,0,0,0,1
1,0,0,0,0,0.99336,-0.11506,-0.023837,0,0.11506,0.99336,1.5851,0,0,0,1
1,0,0,0,0,0.99285,-0.1194,-0.025047,0,0.1194,0.99285,1.5869,0,0,0,1
1,0,0,0,0,0.99295,-0.11856,-0.024789,0,0.11856,0.99295,1.5883,0,0,0,1
1,0,0,0,0,0.99273,-0.12039,-0.025153,0,0.12039,0.99273,1.5898,0,0,0,1
1,0,0,0,0,0.9925,-0.12224,-0.025529,0,0.12224,0.9925,1.5913,0,0,0,1
1,0,0,0,0,0.99196,-0.12653,-0.026558,0,0.12653,0.99196,1.5923,0,0,0,1
1,0,0,0,0,0.9916,-0.12938,-0.027257,0,0.12938,0.9916,1.5927,0,0,0,1
1,0,0,0,0,0.991,-0.13386,-0.027209,0,0.13386,0.991,1.5939,0,0,0,1
1,0,0,0,0,0.99105,-0.13348,-0.027927,0,0.13348,0.99105,1.5941,0,0,0,1
1,0,0,0,0,0.99095,-0.13421,-0.028417,0,0.13421,0.99095,1.5943,0,0,0,1
1,0,0,0,0,0.99046,-0.13781,-0.028667,0,0.13781,0.99046,1.5938,0,0,0,1
1,0,0,0,0,0.99064,-0.13652,-0.029056,0,0.13652,0.99064,1.5937,0,0,0,1
1,0,0,0,0,0.98999,-0.14116,-0.029488,0,0.14116,0.98999,1.5936,0,0,0,1
1,0,0,0,0,0.99005,-0.14068,-0.030023,0,0.14068,0.99005,1.5936,0,0,0,1
1,0,0,0,0,0.98942,-0.1451,-0.029845,0,0.1451,0.98942,1.593,0,0,0,1
1,0,0,0,0,0.98914,-0.14697,-0.029758,0,0.14697,0.98914,1.5907,0,0,0,1
1,0,0,0,0,0.98914,-0.14698,-0.02998,0,0.14698,0.98914,1.5902,0,0,0,1
1,0,0,0,0,0.98915,-0.14692,-0.030584,0,0.14692,0.98915,1.5894,0,0,0,1
1,0,0,0,0,0.98923,-0.14634,-0.031388,0,0.14634,0.98923,1.5885,0,0,0,1
1,0,0,0,0,0.98827,-0.15272,-0.03187,0,0.15272,0.98827,1.5861,0,0,0,1
1,0,0,0,0,0.98822,-0.15302,-0.031139,0,0.15302,0.98822,1.5848,0,0,0,1
1,0,0,0,0,0.98818,-0.15327,-0.03243,0,0.15327,0.98818,1.5826,0,0,0,1
1,0,0,0,0,0.98779,-0.15582,-0.032252,0,0.15582,0.98779,1.5798,0,0,0,1
1,0,0,0,0,0.9871,-0.1601,-0.033016,0,0.1601,0.9871,1.578,0,0,0,1
1,0,0,0,0,0.98733,-0.15869,-0.032912,0,0.15869,0.98733,1.5762,0,0,0,1
1,0,0,0,0,0.98707,-0.16029,-0.033847,0,0.16029,0.98707,1.5734,0,0,0,1
1,0,0,0,0,0.98635,-0.16467,-0.034163,0,0.16467,0.98635,1.5707,0,0,0,1
1,0,0,0,0,0.9865,-0.16375,-0.034759,0,0.16375,0.9865,1.5675,0,0,0,1
1,0,0,0,0,0.9861,-0.16612,-0.03488,0,0.16612,0.9861,1.5649,0,0,0,1
1,0,0,0,0,0.98593,-0.16717,-0.034915,0,0.16717,0.98593,1.5618,0,0,0,1
1,0,0,0,0,0.98655,-0.16347,-0.034938,0,0.16347,0.98655,1.5585,0,0,0,1
1,0,0,0,0,0.98639,-0.16442,-0.03526,0,0.16442,0.98639,1.5543,0,0,0,1
1,0,0,0,0,0.98578,-0.16804,-0.035538,0,0.16804,0.98578,1.5511,0,0,0,1
1,0,0,0,0,-0.83514,0.55004,-0.41474,0,-0.55004,-0.83514,0.30588,0,0,0,1
1,0,0,0,0,-0.83714,0.54699,-0.41383,0,-0.54699,-0.83714,0.30565,0,0,0,1
1,0,0,0,0,-0.83714,0.54699,-0.41383,0,-0.54699,-0.83714,0.30565,0,0,0,1
1,0,0,0,0,-0.84288,0.5381,-0.413,0,-0.5381,-0.84288,0.30628,0,0,0,1
1,0,0,0,0,-0.84306,0.53782,-0.41368,0,-0.53782,-0.84306,0.30608,0,0,0,1
1,0,0,0,0,-0.84205,0.5394,-0.41387,0,-0.5394,-0.84205,0.30603,0,0,0,1
1,0,0,0,0,-0.84205,0.5394,-0.41387,0,-0.5394,-0.84205,0.30603,0,0,0,1
1,0,0,0,0,-0.84147,0.5403,-0.41433,0,-0.5403,-0.84147,0.30588,0,0,0,1
1,0,0,0,0,-0.84068,0.54153,-0.41595,0,-0.54153,-0.84068,0.30646,0,0,0,1
1,0,0,0,0,-0.83362,0.55233,-0.41795,0,-0.55233,-0.83362,0.30644,0,0,0,1
1,0,0,0,0,-0.83192,0.5549,-0.4191,0,-0.5549,-0.83192,0.30608,0,0,0,1
1,0,0,0,0,-0.83105,0.5562,-0.42086,0,-0.5562,-0.83105,0.30617,0,0,0,1
1,0,0,0,0,-0.8258,0.56397,-0.42315,0,-0.56397,-0.8258,0.30632,0,0,0,1
1,0,0,0,0,-0.82315,0.56782,-0.42575,0,-0.56782,-0.82315,0.30665,0,0,0,1
1,0,0,0,0,-0.81667,0.57711,-0.42827,0,-0.57711,-0.81667,0.30715,0,0,0,1
1,0,0,0,0,-0.80946,0.58717,-0.43151,0,-0.58717,-0.80946,0.30858,0,0,0,1
1,0,0,0,0,-0.79907,0.60123,-0.43481,0,-0.60123,-0.79907,0.30933,0,0,0,1
1,0,0,0,0,-0.79116,0.61161,-0.43921,0,-0.61161,-0.79116,0.3101,0,0,0,1
1,0,0,0,0,-0.77927,0.62669,-0.44335,0,-0.62669,-0.77927,0.31101,0,0,0,1
1,0,0,0,0,-0.76644,0.64232,-0.44812,0,-0.64232,-0.76644,0.31206,0,0,0,1
1,0,0,0,0,-0.75455,0.65624,-0.45384,0,-0.65624,-0.75455,0.31243,0,0,0,1
1,0,0,0,0,-0.72851,0.68503,-0.4595,0,-0.68503,-0.72851,0.31398,0,0,0,1
1,0,0,0,0,-0.71427,0.69987,-0.46609,0,-0.69987,-0.71427,0.31465,0,0,0,1
1,0,0,0,0,-0.68438,0.72912,-0.47222,0,-0.72912,-0.68438,0.31579,0,0,0,1
1,0,0,0,0,-0.65803,0.75299,-0.47973,0,-0.75299,-0.65803,0.3169,0,0,0,1
1,0,0,0,0,-0.63742,0.77052,-0.48652,0,-0.77052,-0.63742,0.31772,0,0,0,1
1,0,0,0,0,-0.60177,0.79867,-0.49298,0,-0.79867,-0.60177,0.31925,0,0,0,1
1,0,0,0,0,-0.56626,0.82422,-0.49985,0,-0.82422,-0.56626,0.32146,0,0,0,1
1,0,0,0,0,-0.52705,0.84983,-0.50705,0,-0.84983,-0.52705,0.32367,0,0,0,1
1,0,0,0,0,-0.48775,0.87299,-0.51426,0,-0.87299,-0.48775,0.32535,0,0,0,1
1,0,0,0,0,-0.44345,0.8963,-0.52098,0,-0.8963,-0.44345,0.32811,0,0,0,1
1,0,0,0,0,-0.40751,0.9132,-0.52655,0,-0.9132,-0.40751,0.33123,0,0,0,1
1,0,0,0,0,-0.35876,0.93343,-0.53182,0,-0.93343,-0.35876,0.33636,0,0,0,1
1,0,0,0,0,-0.31769,0.94819,-0.53664,0,-0.94819,-0.31769,0.34119,0,0,0,1
1,0,0,0,0,-0.27374,0.9618,-0.54097,0,-0.9618,-0.27374,0.34656,0,0,0,1
1,0,0,0,0,-0.23294,0.97249,-0.54496,0,-0.97249,-0.23294,0.35363,0,0,0,1
1,0,0,0,0,-0.1893,0.98192,-0.54876,0,-0.98192,-0.1893,0.36172,0,0,0,1
1,0,0,0,0,-0.13776,0.99047,-0.55081,0,-0.99047,-0.13776,0.36938,0,0,0,1
1,0,0,0,0,-0.10062,0.99493,-0.55269,0,-0.99493,-0.10062,0.37921,0,0,0,1
1,0,0,0,0,-0.062063,0.99807,-0.55432,0,-0.99807,-0.062063,0.38919,0,0,0,1
1,0,0,0,0,-0.021288,0.99977,-0.55543,0,-0.99977,-0.021288,0.3996,0,0,0,1
1,0,0,0,0,0.013605,0.99991,-0.55555,0,-0.99991,0.013605,0.41062,0,0,0,1
1,0,0,0,0,0.048594,0.99882,-0.55544,0,-0.99882,0.048594,0.42267,0,0,0,1
1,0,0,0,0,0.089142,0.99602,-0.55517,0,-0.99602,0.089142,0.43385,0,0,0,1
1,0,0,0,0,0.122,0.99253,-0.5543,0,-0.99253,0.122,0.44652,0,0,0,1
1,0,0,0,0,0.16304,0.98662,-0.55371,0,-0.98662,0.16304,0.45887,0,0,0,1
1,0,0,0,0,0.19749,0.9803,-0.55272,0,-0.9803,0.19749,0.47173,0,0,0,1
1,0,0,0,0,0.23232,0.97264,-0.55117,0,-0.97264,0.23232,0.48393,0,0,0,1
1,0,0,0,0,0.26959,0.96298,-0.54873,0,-0.96298,0.26959,0.49703,0,0,0,1
1,0,0,0,0,0.30294,0.95301,-0.54667,0,-0.95301,0.30294,0.51,0,0,0,1
1,0,0,0,0,0.33649,0.94169,-0.54406,0,-0.94169,0.33649,0.52266,0,0,0,1
1,0,0,0,0,0.37524,0.92693,-0.54175,0,-0.92693,0.37524,0.53671,0,0,0,1
1,0,0,0,0,0.40542,0.91413,-0.5387,0,-0.91413,0.40542,0.54994,0,0,0,1
1,0,0,0,0,0.43032,0.90267,-0.53476,0,-0.90267,0.43032,0.56312,0,0,0,1
1,0,0,0,0,0.46127,0.88726,-0.53136,0,-0.88726,0.46127,0.5764,0,0,0,1
1,0,0,0,0,0.49209,0.87054,-0.52807,0,-0.87054,0.49209,0.5899,0,0,0,1
1,0,0,0,0,0.52855,0.8489,-0.52387,0,-0.8489,0.52855,0.60375,0,0,0,1
1,0,0,0,0,0.54889,0.83589,-0.51896,0,-0.83589,0.54889,0.61642,0,0,0,1
1,0,0,0,0,0.57214,0.82016,-0.51455,0,-0.82016,0.57214,0.63011,0,0,0,1
1,0,0,0,0,0.60462,0.79651,-0.50996,0,-0.79651,0.60462,0.64324,0,0,0,1
1,0,0,0,0,0.63413,0.77323,-0.50505,0,-0.77323,0.63413,0.65691,0,0,0,1
1,0,0,0,0,0.6568,0.75407,-0.49928,0,-0.75407,0.6568,0.6693,0,0,0,1
1,0,0,0,0,0.67963,0.73355,-0.49418,0,-0.73355,0.67963,0.68167,0,0,0,1
1,0,0,0,0,0.70023,0.71392,-0.48794,0,-0.71392,0.70023,0.69432,0,0,0,1
1,0,0,0,0,0.72342,0.69041,-0.48236,0,-0.69041,0.72342,0.70667,0,0,0,1
1,0,0,0,0,0.74353,0.66871,-0.47591,0,-0.66871,0.74353,0.71901,0,0,0,1
1,0,0,0,0,0.7639,0.64533,-0.4696,0,-0.64533,0.7639,0.73084,0,0,0,1
1,0,0,0,0,0.78155,0.62384,-0.46315,0,-0.62384,0.78155,0.74265,0,0,0,1
1,0,0,0,0,0.79943,0.60076,-0.45662,0,-0.60076,0.79943,0.75525,0,0,0,1
1,0,0,0,0,0.81894,0.57388,-0.45007,0,-0.57388,0.81894,0.76671,0,0,0,1
1,0,0,0,0,0.83862,0.54471,-0.44306,0,-0.54471,0.83862,0.77859,0,0,0,1
1,0,0,0,0,0.85229,0.52307,-0.43589,0,-0.52307,0.85229,0.79008,0,0,0,1
1,0,0,0,0,0.86756,0.49732,-0.42855,0,-0.49732,0.86756,0.80096,0,0,0,1
1,0,0,0,0,0.87898,0.47686,-0.42052,0,-0.47686,0.87898,0.81133,0,0,0,1
1,0,0,0,0,0.89444,0.44719,-0.41279,0,-0.44719,0.89444,0.82221,0,0,0,1
1,0,0,0,0,0.90871,0.41743,-0.40478,0,-0.41743,0.90871,0.83397,0,0,0,1
1,0,0,0,0,0.9204,0.39097,-0.39714,0,-0.39097,0.9204,0.84405,0,0,0,1
1,0,0,0,0,0.93134,0.36414,-0.3893,0,-0.36414,0.93134,0.85528,0,0,0,1
1,0,0,0,0,0.94016,0.34074,-0.38126,0,-0.34074,0.94016,0.8657,0,0,0,1
1,0,0,0,0,0.95157,0.30742,-0.37303,0,-0.30742,0.95157,0.87577,0,0,0,1
1,0,0,0,0,0.96011,0.27961,-0.36504,0,-0.27961,0.96011,0.88574,0,0,0,1
1,0,0,0,0,0.9683,0.24978,-0.35602,0,-0.24978,0.9683,0.89587,0,0,0,1
1,0,0,0,0,0.97485,0.22287,-0.34808,0,-0.22287,0.97485,0.90555,0,0,0,1
1,0,0,0,0,0.98125,0.19272,-0.34008,0,-0.19272,0.98125,0.91563,0,0,0,1
1,0,0,0,0,0.98669,0.16263,-0.33264,0,-0.16263,0.98669,0.92642,0,0,0,1
1,0,0,0,0,0.98996,0.14138,-0.32592,0,-0.14138,0.98996,0.93658,0,0,0,1
1,0,0,0,0,0.99359,0.11307,-0.31892,0,-0.11307,0.99359,0.94592,0,0,0,1
1,0,0,0,0,0.99598,0.089614,-0.31301,0,-0.089614,0.99598,0.95573,0,0,0,1
1,0,0,0,0,0.99781,0.066197,-0.30615,0,-0.066197,0.99781,0.96575,0,0,0,1
1,0,0,0,0,0.9989,0.046948,-0.2999,0,-0.046948,0.9989,0.97611,0,0,0,1
1,0,0,0,0,0.99983,0.018346,-0.29479,0,-0.018346,0.99983,0.9857,0,0,0,1
1,0,0,0,0,0.99999,0.0053426,-0.29016,0,-0.0053426,0.99999,0.99539,0,0,0,1
1,0,0,0,0,0.99995,-0.010422,-0.28558,0,0.010422,0.99995,1.0053,0,0,0,1
1,0,0,0,0,0.99953,-0.030522,-0.28196,0,0.030522,0.99953,1.0149,0,0,0,1
1,0,0,0,0,0.9994,-0.034626,-0.27789,0,0.034626,0.9994,1.0249,0,0,0,1
1,0,0,0,0,0.99841,-0.056321,-0.27517,0,0.056321,0.99841,1.0346,0,0,0,1
1,0,0,0,0,0.99749,-0.070772,-0.27267,0,0.070772,0.99749,1.0447,0,0,0,1
1,0,0,0,0,0.99767,-0.068238,-0.27159,0,0.068238,0.99767,1.0533,0,0,0,1
1,0,0,0,0,0.99683,-0.07953,-0.27032,0,0.07953,0.99683,1.0629,0,0,0,1
1,0,0,0,0,0.99596,-0.089787,-0.26824,0,0.089787,0.99596,1.072,0,0,0,1
1,0,0,0,0,0.99542,-0.095577,-0.26688,0,0.095577,0.99542,1.0808,0,0,0,1
1,0,0,0,0,0.99595,-0.08988,-0.26703,0,0.08988,0.99595,1.0898,0,0,0,1
1,0,0,0,0,0.99594,-0.090036,-0.26736,0,0.090036,0.99594,1.0989,0,0,0,1
1,0,0,0,0,0.9959,-0.090475,-0.26704,0,0.090475,0.9959,1.1068,0,0,0,1
1,0,0,0,0,0.99439,-0.10577,-0.26687,0,0.10577,0.99439,1.1155,0,0,0,1
1,0,0,0,0,0.99569,-0.092758,-0.26773,0,0.092758,0.99569,1.1234,0,0,0,1
1,0,0,0,0,0.9951,-0.098846,-0.26778,0,0.098846,0.9951,1.1311,0,0,0,1
1,0,0,0,0,0.9952,-0.097836,-0.26826,0,0.097836,0.9952,1.1389,0,0,0,1
1,0,0,0,0,0.99512,-0.098663,-0.26904,0,0.098663,0.99512,1.1464,0,0,0,1
1,0,0,0,0,0.99521,-0.097757,-0.27088,0,0.097757,0.99521,1.1517,0,0,0,1
1,0,0,0,0,0.99456,-0.10417,-0.27151,0,0.10417,0.99456,1.1587,0,0,0,1
1,0,0,0,0,0.99582,-0.091359,-0.27325,0,0.091359,0.99582,1.1655,0,0,0,1
1,0,0,0,0,0.99632,-0.085675,-0.27434,0,0.085675,0.99632,1.1717,0,0,0,1
1,0,0,0,0,0.99647,-0.083988,-0.27597,0,0.083988,0.99647,1.1775,0,0,0,1
1,0,0,0,0,0.99664,-0.081882,-0.27672,0,0.081882,0.99664,1.1832,0,0,0,1
1,0,0,0,0,0.99768,-0.068047,-0.27865,0,0.068047,0.99768,1.1887,0,0,0,1
1,0,0,0,0,0.9983,-0.058269,-0.28099,0,0.058269,0.9983,1.1939,0,0,0,1
1,0,0,0,0,0.9984,-0.056478,-0.28265,0,0.056478,0.9984,1.1989,0,0,0,1
1,0,0,0,0,0.99815,-0.060829,-0.28457,0,0.060829,0.99815,1.2038,0,0,0,1
1,0,0,0,0,0.99855,-0.053837,-0.28613,0,0.053837,0.99855,1.2077,0,0,0,1
1,0,0,0,0,0.99867,-0.051507,-0.28861,0,0.051507,0.99867,1.2119,0,0,0,1
1,0,0,0,0,0.99879,-0.049174,-0.28857,0,0.049174,0.99879,1.2167,0,0,0,1
1,0,0,0,0,0.99945,-0.033018,-0.28948,0,0.033018,0.99945,1.2193,0,0,0,1
1,0,0,0,0,0.9995,-0.031685,-0.29051,0,0.031685,0.9995,1.2231,0,0,0,1
1,0,0,0,0,0.99932,-0.036969,-0.29266,0,0.036969,0.99932,1.2265,0,0,0,1
1,0,0,0,0,0.99959,-0.028687,-0.29347,0,0.028687,0.99959,1.2297,0,0,0,1
1,0,0,0,0,0.99974,-0.022854,-0.2953,0,0.022854,0.99974,1.2334,0,0,0,1
1,0,0,0,0,0.99974,-0.022899,-0.29599,0,0.022899,0.99974,1.2353,0,0,0,1
1,0,0,0,0,0.99972,-0.023684,-0.29737,0,0.023684,0.99972,1.2389,0,0,0,1
1,0,0,0,0,0.99976,-0.021684,-0.29898,0,0.021684,0.99976,1.241,0,0,0,1
1,0,0,0,0,0.99974,-0.022807,-0.29954,0,0.022807,0.99974,1.2444,0,0,0,1
1,0,0,0,0,0.9999,-0.014018,-0.30213,0,0.014018,0.9999,1.2467,0,0,0,1
1,0,0,0,0,0.99993,-0.012086,-0.30355,0,0.012086,0.99993,1.2484,0,0,0,1
1,0,0,0,0,0.99996,-0.0093934,-0.30572,0,0.0093934,0.99996,1.2512,0,0,0,1
1,0,0,0,0,1,-0.0022505,-0.30725,0,0.0022505,1,1.2521,0,0,0,1
1,0,0,0,0,0.99998,0.0056985,-0.30949,0,-0.0056985,0.99998,1.2532,0,0,0,1
1,0,0,0,0,0.99997,0.0076576,-0.3125,0,-0.0076576,0.99997,1.2542,0,0,0,1
1,0,0,0,0,0.99989,0.014852,-0.31464,0,-0.014852,0.99989,1.2561,0,0,0,1
1,0,0,0,0,0.9998,0.019877,-0.31835,0,-0.019877,0.9998,1.257,0,0,0,1
1,0,0,0,0,0.99942,0.03398,-0.31999,0,-0.03398,0.99942,1.2583,0,0,0,1
1,0,0,0,0,0.99895,0.045893,-0.32333,0,-0.045893,0.99895,1.2582,0,0,0,1
1,0,0,0,0,0.99838,0.056924,-0.32516,0,-0.056924,0.99838,1.2586,0,0,0,1
1,0,0,0,0,0.99854,0.053946,-0.32733,0,-0.053946,0.99854,1.259,0,0,0,1
1,0,0,0,0,0.99789,0.064974,-0.32925,0,-0.064974,0.99789,1.2588,0,0,0,1
1,0,0,0,0,0.99787,0.06518,-0.33209,0,-0.06518,0.99787,1.2587,0,0,0,1
1,0,0,0,0,0.99688,0.078971,-0.33378,0,-0.078971,0.99688,1.2584,0,0,0,1
1,0,0,0,0,0.99632,0.085685,-0.33593,0,-0.085685,0.99632,1.2585,0,0,0,1
1,0,0,0,0,0.99547,0.095032,-0.33902,0,-0.095032,0.99547,1.2579,0,0,0,1
1,0,0,0,0,0.99472,0.1026,-0.34186,0,-0.1026,0.99472,1.2569,0,0,0,1
1,0,0,0,0,0.99533,0.0965,-0.34496,0,-0.0965,0.99533,1.2559,0,0,0,1
1,0,0,0,0,0.99399,0.10944,-0.34733,0,-0.10944,0.99399,1.2549,0,0,0,1
1,0,0,0,0,0.99194,0.12669,-0.34999,0,-0.12669,0.99194,1.2533,0,0,0,1
1,0,0,0,0,0.99186,0.1273,-0.35245,0,-0.1273,0.99186,1.2529,0,0,0,1
1,0,0,0,0,0.98951,0.14447,-0.35486,0,-0.14447,0.98951,1.25,0,0,0,1
1,0,0,0,0,0.98808,0.15397,-0.35754,0,-0.15397,0.98808,1.2479,0,0,0,1
1,0,0,0,0,0.9876,0.15699,-0.36009,0,-0.15699,0.9876,1.2463,0,0,0,1
1,0,0,0,0,0.98672,0.16245,-0.3626,0,-0.16245,0.98672,1.2445,0,0,0,1
1,0,0,0,0,0.98508,0.1721,-0.36609,0,-0.1721,0.98508,1.2422,0,0,0,1
1,0,0,0,0,0.98314,0.18286,-0.36778,0,-0.18286,0.98314,1.2405,0,0,0,1
1,0,0,0,0,0.98279,0.18472,-0.37092,0,-0.18472,0.98279,1.2378,0,0,0,1
1,0,0,0,0,0.98115,0.19325,-0.37367,0,-0.19325,0.98115,1.2352,0,0,0,1
1,0,0,0,0,0.97938,0.20204,-0.37652,0,-0.20204,0.97938,1.2328,0,0,0,1
1,0,0,0,0,0.97795,0.20886,-0.37975,0,-0.20886,0.97795,1.2299,0,0,0,1
1,0,0,0,0,0.97521,0.22128,-0.38119,0,-0.22128,0.97521,1.2266,0,0,0,1
1,0,0,0,0,0.97374,0.22765,-0.38386,0,-0.22765,0.97374,1.2228,0,0,0,1
1,0,0,0,0,0.97123,0.23815,-0.38612,0,-0.23815,0.97123,1.2202,0,0,0,1
1,0,0,0,0,0.97075,0.24011,-0.38947,0,-0.24011,0.97075,1.217,0,0,0,1
1,0,0,0,0,0.96759,0.25252,-0.3919,0,-0.25252,0.96759,1.2143,0,0,0,1
1,0,0,0,0,0.96756,0.25264,-0.39424,0,-0.25264,0.96756,1.2104,0,0,0,1
1,0,0,0,0,0.9669,-0.25514,-0.49123,0,0.25514,0.9669,0.2853,0,0,0,1
1,0,0,0,0,0.96676,-0.25567,-0.49115,0,0.25567,0.96676,0.28555,0,0,0,1
1,0,0,0,0,0.96676,-0.25567,-0.49115,0,0.25567,0.96676,0.28555,0,0,0,1
1,0,0,0,0,0.96507,-0.26201,-0.49134,0,0.26201,0.96507,0.28561,0,0,0,1
1,0,0,0,0,0.96589,-0.25894,-0.49105,0,0.25894,0.96589,0.28573,0,0,0,1
1,0,0,0,0,0.96611,-0.25811,-0.49096,0,0.25811,0.96611,0.28576,0,0,0,1
1,0,0,0,0,0.96609,-0.25822,-0.49094,0,0.25822,0.96609,0.28614,0,0,0,1
1,0,0,0,0,0.96632,-0.25735,-0.49171,0,0.25735,0.96632,0.28617,0,0,0,1
1,0,0,0,0,0.96649,-0.2567,-0.49224,0,0.2567,0.96649,0.28586,0,0,0,1
1,0,0,0,0,0.96642,-0.25697,-0.4946,0,0.25697,0.96642,0.28576,0,0,0,1
1,0,0,0,0,0.96506,-0.26204,-0.49603,0,0.26204,0.96506,0.28455,0,0,0,1
1,0,0,0,0,0.96568,-0.25973,-0.49741,0,0.25973,0.96568,0.28471,0,0,0,1
1,0,0,0,0,0.96332,-0.26837,-0.49959,0,0.26837,0.96332,0.28447,0,0,0,1
1,0,0,0,0,0.96004,-0.27985,-0.50155,0,0.27985,0.96004,0.28398,0,0,0,1
1,0,0,0,0,0.95749,-0.28848,-0.50464,0,0.28848,0.95749,0.28352,0,0,0,1
1,0,0,0,0,0.95307,-0.30274,-0.50802,0,0.30274,0.95307,0.28306,0,0,0,1
1,0,0,0,0,0.94886,-0.31569,-0.51246,0,0.31569,0.94886,0.28227,0,0,0,1
1,0,0,0,0,0.94257,-0.33399,-0.51614,0,0.33399,0.94257,0.28092,0,0,0,1
1,0,0,0,0,0.94137,-0.33738,-0.52045,0,0.33738,0.94137,0.28045,0,0,0,1
1,0,0,0,0,0.93407,-0.35709,-0.52459,0,0.35709,0.93407,0.27904,0,0,0,1
1,0,0,0,0,0.92783,-0.373,-0.52964,0,0.373,0.92783,0.27757,0,0,0,1
1,0,0,0,0,0.92013,-0.3916,-0.53596,0,0.3916,0.92013,0.27596,0,0,0,1
1,0,0,0,0,0.90718,-0.42074,-0.54199,0,0.42074,0.90718,0.27309,0,0,0,1
1,0,0,0,0,0.89807,-0.43986,-0.54891,0,0.43986,0.89807,0.27094,0,0,0,1
1,0,0,0,0,0.88571,-0.46425,-0.55486,0,0.46425,0.88571,0.26804,0,0,0,1
1,0,0,0,0,0.87056,-0.49207,-0.56137,0,0.49207,0.87056,0.26453,0,0,0,1
1,0,0,0,0,0.85994,-0.5104,-0.56845,0,0.5104,0.85994,0.26201,0,0,0,1
1,0,0,0,0,0.84008,-0.54246,-0.5748,0,0.54246,0.84008,0.25794,0,0,0,1
1,0,0,0,0,0.82465,-0.56564,-0.58169,0,0.56564,0.82465,0.25379,0,0,0,1
1,0,0,0,0,0.80928,-0.58743,-0.588,0,0.58743,0.80928,0.24985,0,0,0,1
1,0,0,0,0,0.78775,-0.61599,-0.59397,0,0.61599,0.78775,0.24602,0,0,0,1
1,0,0,0,0,0.77702,-0.62947,-0.59912,0,0.62947,0.77702,0.24207,0,0,0,1
1,0,0,0,0,0.75622,-0.65432,-0.6036,0,0.65432,0.75622,0.23893,0,0,0,1
1,0,0,0,0,0.74464,-0.66747,-0.60792,0,0.66747,0.74464,0.23492,0,0,0,1
1,0,0,0,0,0.73489,-0.67819,-0.61179,0,0.67819,0.73489,0.23256,0,0,0,1
1,0,0,0,0,0.72219,-0.6917,-0.61422,0,0.6917,0.72219,0.22983,0,0,0,1
1,0,0,0,0,0.71357,-0.70059,-0.61546,0,0.70059,0.71357,0.22849,0,0,0,1
1,0,0,0,0,0.70779,-0.70643,-0.61798,0,0.70643,0.70779,0.22665,0,0,0,1
1,0,0,0,0,0.70101,-0.71315,-0.61875,0,0.71315,0.70101,0.22504,0,0,0,1
1,0,0,0,0,0.702,-0.71218,-0.62027,0,0.71218,0.702,0.22505,0,0,0,1
1,0,0,0,0,0.70368,-0.71051,-0.62022,0,0.71051,0.70368,0.22541,0,0,0,1
1,0,0,0,0,0.7033,-0.7109,-0.61953,0,0.7109,0.7033,0.22626,0,0,0,1
1,0,0,0,0,0.70559,-0.70862,-0.61861,0,0.70862,0.70559,0.22637,0,0,0,1
1,0,0,0,0,0.70622,-0.708,-0.61782,0,0.708,0.70622,0.22803,0,0,0,1
1,0,0,0,0,0.71583,-0.69827,-0.6162,0,0.69827,0.71583,0.22916,0,0,0,1
1,0,0,0,0,0.72248,-0.69139,-0.61507,0,0.69139,0.72248,0.23071,0,0,0,1
1,0,0,0,0,0.72442,-0.68936,-0.61293,0,0.68936,0.72442,0.23208,0,0,0,1
1,0,0,0,0,0.73309,-0.68014,-0.61104,0,0.68014,0.73309,0.23317,0,0,0,1
1,0,0,0,0,0.74079,-0.67173,-0.60874,0,0.67173,0.74079,0.23513,0,0,0,1
1,0,0,0,0,0.74624,-0.66568,-0.60644,0,0.66568,0.74624,0.23769,0,0,0,1
1,0,0,0,0,0.75706,-0.65335,-0.6039,0,0.65335,0.75706,0.23946,0,0,0,1
1,0,0,0,0,0.7687,-0.63961,-0.60123,0,0.63961,0.7687,0.24095,0,0,0,1
1,0,0,0,0,0.77463,-0.63241,-0.59853,0,0.63241,0.77463,0.24347,0,0,0,1
1,0,0,0,0,0.783,-0.62202,-0.59491,0,0.62202,0.783,0.24528,0,0,0,1
1,0,0,0,0,0.79261,-0.60973,-0.59206,0,0.60973,0.79261,0.24774,0,0,0,1
1,0,0,0,0,0.80559,-0.59247,-0.58888,0,0.59247,0.80559,0.25016,0,0,0,1
1,0,0,0,0,0.81148,-0.58438,-0.58595,0,0.58438,0.81148,0.25252,0,0,0,1
1,0,0,0,0,0.82227,-0.5691,-0.58186,0,0.5691,0.82227,0.25572,0,0,0,1
1,0,0,0,0,0.83308,-0.55315,-0.57759,0,0.55315,0.83308,0.25767,0,0,0,1
1,0,0,0,0,0.8481,-0.52984,-0.57367,0,0.52984,0.8481,0.2598,0,0,0,1
1,0,0,0,0,0.8567,-0.51581,-0.56969,0,0.51581,0.8567,0.26248,0,0,0,1
1,0,0,0,0,0.86864,-0.49544,-0.56546,0,0.49544,0.86864,0.26503,0,0,0,1
1,0,0,0,0,0.88142,-0.47234,-0.56162,0,0.47234,0.88142,0.26805,0,0,0,1
1,0,0,0,0,0.89392,-0.44824,-0.55716,0,0.44824,0.89392,0.27034,0,0,0,1
1,0,0,0,0,0.908,-0.41896,-0.55279,0,0.41896,0.908,0.27325,0,0,0,1
1,0,0,0,0,0.91739,-0.39799,-0.54773,0,0.39799,0.91739,0.2769,0,0,0,1
1,0,0,0,0,0.92715,-0.37468,-0.54295,0,0.37468,0.92715,0.27896,0,0,0,1
1,0,0,0,0,0.93877,-0.34455,-0.53824,0,0.34455,0.93877,0.28276,0,0,0,1
1,0,0,0,0,0.95096,-0.3093,-0.53385,0,0.3093,0.95096,0.28571,0,0,0,1
1,0,0,0,0,0.95944,-0.2819,-0.52886,0,0.2819,0.95944,0.29057,0,0,0,1
1,0,0,0,0,0.97032,-0.24182,-0.5245,0,0.24182,0.97032,0.29382,0,0,0,1
1,0,0,0,0,0.97719,-0.21236,-0.51906,0,0.21236,0.97719,0.29728,0,0,0,1
1,0,0,0,0,0.98513,-0.17181,-0.51497,0,0.17181,0.98513,0.30183,0,0,0,1
1,0,0,0,0,0.99025,-0.13933,-0.50918,0,0.13933,0.99025,0.30728,0,0,0,1
1,0,0,0,0,0.99517,-0.098134,-0.50417,0,0.098134,0.99517,0.31265,0,0,0,1
1,0,0,0,0,0.99815,-0.060863,-0.49873,0,0.060863,0.99815,0.31825,0,0,0,1
1,0,0,0,0,0.99976,-0.021684,-0.49387,0,0.021684,0.99976,0.32408,0,0,0,1
1,0,0,0,0,0.99989,0.014856,-0.48857,0,-0.014856,0.99989,0.32981,0,0,0,1
1,0,0,0,0,0.99874,0.050141,-0.48282,0,-0.050141,0.99874,0.3371,0,0,0,1
1,0,0,0,0,0.996,0.089351,-0.47759,0,-0.089351,0.996,0.34354,0,0,0,1
1,0,0,0,0,0.99183,0.12758,-0.47185,0,-0.12758,0.99183,0.35034,0,0,0,1
1,0,0,0,0,0.98639,0.1644,-0.46519,0,-0.1644,0.98639,0.35892,0,0,0,1
1,0,0,0,0,0.98093,0.19434,-0.45861,0,-0.19434,0.98093,0.3672,0,0,0,1
1,0,0,0,0,0.97298,0.23088,-0.45238,0,-0.23088,0.97298,0.37626,0,0,0,1
1,0,0,0,0,0.96493,0.26251,-0.44575,0,-0.26251,0.96493,0.38625,0,0,0,1
1,0,0,0,0,0.9573,0.28909,-0.43945,0,-0.28909,0.9573,0.39632,0,0,0,1
1,0,0,0,0,0.9496,0.31346,-0.43212,0,-0.31346,0.9496,0.40612,0,0,0,1
1,0,0,0,0,0.94146,0.33714,-0.42558,0,-0.33714,0.94146,0.41564,0,0,0,1
1,0,0,0,0,0.9329,0.36014,-0.41821,0,-0.36014,0.9329,0.42634,0,0,0,1
1,0,0,0,0,0.92918,0.36963,-0.41194,0,-0.36963,0.92918,0.43646,0,0,0,1
1,0,0,0,0,0.92275,0.38539,-0.40467,0,-0.38539,0.92275,0.4467,0,0,0,1
1,0,0,0,0,0.91904,0.39418,-0.39765,0,-0.39418,0.91904,0.45677,0,0,0,1
1,0,0,0,0,0.91729,0.39822,-0.39094,0,-0.39822,0.91729,0.46595,0,0,0,1
1,0,0,0,0,0.9148,0.40392,-0.38269,0,-0.40392,0.9148,0.47572,0,0,0,1
1,0,0,0,0,0.91755,0.39763,-0.37601,0,-0.39763,0.91755,0.48437,0,0,0,1
1,0,0,0,0,0.9165,0.40004,-0.36888,0,-0.40004,0.9165,0.49233,0,0,0,1
1,0,0,0,0,0.92107,0.38941,-0.36093,0,-0.38941,0.92107,0.50073,0,0,0,1
1,0,0,0,0,0.92481,0.38043,-0.35448,0,-0.38043,0.92481,0.50813,0,0,0,1
1,0,0,0,0,0.93343,0.35876,-0.34674,0,-0.35876,0.93343,0.51542,0,0,0,1
1,0,0,0,0,0.93843,0.34546,-0.33971,0,-0.34546,0.93843,0.52218,0,0,0,1
1,0,0,0,0,0.94668,0.32218,-0.33284,0,-0.32218,0.94668,0.52918,0,0,0,1
1,0,0,0,0,0.9519,0.30642,-0.32532,0,-0.30642,0.9519,0.53453,0,0,0,1
1,0,0,0,0,0.95983,0.28059,-0.31763,0,-0.28059,0.95983,0.54052,0,0,0,1
1,0,0,0,0,0.96548,0.26046,-0.30969,0,-0.26046,0.96548,0.54645,0,0,0,1
1,0,0,0,0,0.97457,0.22409,-0.30258,0,-0.22409,0.97457,0.55186,0,0,0,1
1,0,0,0,0,0.98003,0.19884,-0.29489,0,-0.19884,0.98003,0.55719,0,0,0,1
1,0,0,0,0,0.98542,0.17016,-0.28771,0,-0.17016,0.98542,0.56207,0,0,0,1
1,0,0,0,0,0.98963,0.14362,-0.27944,0,-0.14362,0.98963,0.56758,0,0,0,1
1,0,0,0,0,0.99423,0.10729,-0.27241,0,-0.10729,0.99423,0.57273,0,0,0,1
1,0,0,0,0,0.9971,0.076057,-0.26402,0,-0.076057,0.9971,0.57852,0,0,0,1
1,0,0,0,0,0.99915,0.041134,-0.25662,0,-0.041134,0.99915,0.58391,0,0,0,1
1,0,0,0,0,0.99998,0.0062459,-0.24825,0,-0.0062459,0.99998,0.58903,0,0,0,1
1,0,0,0,0,0.99955,-0.029839,-0.24175,0,0.029839,0.99955,0.59492,0,0,0,1
1,0,0,0,0,0.99814,-0.06094,-0.23387,0,0.06094,0.99814,0.60017,0,0,0,1
1,0,0,0,0,0.99521,-0.097753,-0.22653,0,0.097753,0.99521,0.60608,0,0,0,1
1,0,0,0,0,0.99089,-0.13469,-0.21911,0,0.13469,0.99089,0.61161,0,0,0,1
1,0,0,0,0,0.9865,-0.16376,-0.21134,0,0.16376,0.9865,0.61741,0,0,0,1
1,0,0,0,0,0.98011,-0.19848,-0.20373,0,0.19848,0.98011,0.62347,0,0,0,1
1,0,0,0,0,0.97207,-0.23467,-0.19667,0,0.23467,0.97207,0.6298,0,0,0,1
1,0,0,0,0,0.96378,-0.26671,-0.18936,0,0.26671,0.96378,0.63615,0,0,0,1
1,0,0,0,0,0.954,-0.29981,-0.18194,0,0.29981,0.954,0.64255,0,0,0,1
1,0,0,0,0,0.94287,-0.33315,-0.17537,0,0.33315,0.94287,0.6492,0,0,0,1
1,0,0,0,0,0.93246,-0.36127,-0.1686,0,0.36127,0.93246,0.65581,0,0,0,1
1,0,0,0,0,0.92051,-0.39073,-0.16074,0,0.39073,0.92051,0.66333,0,0,0,1
1,0,0,0,0,0.90715,-0.42081,-0.15391,0,0.42081,0.90715,0.66959,0,0,0,1
1,0,0,0,0,0.89301,-0.45005,-0.14748,0,0.45005,0.89301,0.67663,0,0,0,1
1,0,0,0,0,0.88744,-0.46093,-0.14542,0,0.46093,0.88744,0.68129,0,0,0,1
1,0,0,0,0,0.88487,-0.46584,-0.14709,0,0.46584,0.88487,0.68494,0,0,0,1
1,0,0,0,0,0.88522,-0.46517,-0.15211,0,0.46517,0.88522,0.6852,0,0,0,1
1,0,0,0,0,0.88801,-0.45982,-0.15561,0,0.45982,0.88801,0.6874,0,0,0,1
1,0,0,0,0,0.89111,-0.45378,-0.1597,0,0.45378,0.89111,0.6903,0,0,0,1
1,0,0,0,0,0.89117,-0.45367,-0.1634,0,0.45367,0.89117,0.69045,0,0,0,1
1,0,0,0,0,0.89377,-0.44852,-0.16703,0,0.44852,0.89377,0.69244,0,0,0,1
1,0,0,0,0,0.89864,-0.4387,-0.17055,0,0.4387,0.89864,0.69403,0,0,0,1
1,0,0,0,0,0.89573,-0.4446,-0.17506,0,0.4446,0.89573,0.69461,0,0,0,1
1,0,0,0,0,0.89599,-0.44407,-0.1798,0,0.44407,0.89599,0.69541,0,0,0,1
1,0,0,0,0,0.89599,-0.44407,-0.18364,0,0.44407,0.89599,0.69606,0,0,0,1
1,0,0,0,0,0.89604,-0.44397,-0.18774,0,0.44397,0.89604,0.69663,0,0,0,1
1,0,0,0,0,0.89902,-0.43791,-0.19237,0,0.43791,0.89902,0.69688,0,0,0,1
1,0,0,0,0,0.89942,-0.43709,-0.19692,0,0.43709,0.89942,0.69759,0,0,0,1
1,0,0,0,0,0.89864,-0.43869,-0.2014,0,0.43869,0.89864,0.69767,0,0,0,1
1,0,0,0,0,0.90031,-0.43524,-0.20566,0,0.43524,0.90031,0.69806,0,0,0,1
1,0,0,0,0,0.89684,-0.44236,-0.2107,0,0.44236,0.89684,0.69762,0,0,0,1
1,0,0,0,0,0.89737,-0.44128,-0.21503,0,0.44128,0.89737,0.69732,0,0,0,1
1,0,0,0,0,0.89886,-0.43823,-0.22081,0,0.43823,0.89886,0.69668,0,0,0,1
1,0,0,0,0,0.8988,-0.43837,-0.22531,0,0.43837,0.8988,0.69584,0,0,0,1
1,0,0,0,0,0.89887,-0.43822,-0.2309,0,0.43822,0.89887,0.69499,0,0,0,1
1,0,0,0,0,0.89878,-0.4384,-0.23584,0,0.4384,0.89878,0.69451,0,0,0,1
1,0,0,0,0,0.8992,-0.43753,-0.24055,0,0.43753,0.8992,0.69373,0,0,0,1
1,0,0,0,0,0.90091,-0.43401,-0.24547,0,0.43401,0.90091,0.69237,0,0,0,1
1,0,0,0,0,0.90146,-0.43286,-0.25049,0,0.43286,0.90146,0.691,0,0,0,1
1,0,0,0,0,0.90196,-0.43182,-0.25564,0,0.43182,0.90196,0.68916,0,0,0,1
1,0,0,0,0,0.90356,-0.42847,-0.26089,0,0.42847,0.90356,0.68846,0,0,0,1
1,0,0,0,0,0.904,-0.42753,-0.26582,0,0.42753,0.904,0.6861,0,0,0,1
1,0,0,0,0,0.90434,-0.42681,-0.27133,0,0.42681,0.90434,0.68431,0,0,0,1
1,0,0,0,0,0.90326,-0.4291,-0.27678,0,0.4291,0.90326,0.68221,0,0,0,1
1,0,0,0,0,0.90365,-0.42826,-0.28205,0,0.42826,0.90365,0.67995,0,0,0,1
1,0,0,0,0,0.90409,-0.42734,-0.28734,0,0.42734,0.90409,0.67746,0,0,0,1
1,0,0,0,0,0.90493,-0.42557,-0.29284,0,0.42557,0.90493,0.67496,0,0,0,1
1,0,0,0,0,0.9099,-0.41483,-0.29773,0,0.41483,0.9099,0.67283,0,0,0,1
1,0,0,0,0,0.90624,-0.42277,-0.30304,0,0.42277,0.90624,0.67029,0,0,0,1
1,0,0,0,0,0.90869,-0.41748,-0.30871,0,0.41748,0.90869,0.66692,0,0,0,1
1,0,0,0,0,0.90954,-0.41562,-0.314,0,0.41562,0.90954,0.6641,0,0,0,1
1,0,0,0,0,0.91054,-0.41343,-0.31955,0,0.41343,0.91054,0.66147,0,0,0,1
1,0,0,0,0,0.91042,-0.41368,-0.32509,0,0.41368,0.91042,0.65747,0,0,0,1
1,0,0,0,0,0.91188,-0.41045,-0.33062,0,0.41045,0.91188,0.65512,0,0,0,1
1,0,0,0,0,0.91589,-0.40144,-0.33613,0,0.40144,0.91589,0.65042,0,0,0,1
1,0,0,0,0,0.91547,-0.40239,-0.34144,0,0.40239,0.91547,0.64788,0,0,0,1
1,0,0,0,0,0.91491,-0.40365,-0.3472,0,0.40365,0.91491,0.6438,0,0,0,1
