11.253
11.257
11.261
11.265
11.27
11.274
11.278
11.282
11.286
11.29
11.295
11.299
11.303
11.307
11.311
11.315
11.32
11.324
11.328
11.332
11.336
11.34
11.345
11.349
11.353
11.357
11.361
11.366
11.37
11.374
11.378
11.382
11.386
11.391
11.395
11.399
11.403
11.407
11.411
11.416
11.42
11.424
11.428
11.432
11.436
11.441
11.445
11.449
11.453
11.457
11.461
11.466
11.47
11.474
11.478
11.482
11.486
11.491
11.495
11.499
11.503
11.507
11.511
11.516
11.52
11.524
11.528
11.532
11.537
11.541
11.545
11.549
11.553
11.557
11.562
11.566
11.57
11.574
11.578
11.582
11.587
11.591
11.595
11.599
11.603
11.607
11.612
11.616
11.62
11.624
11.628
11.632
11.637
11.641
11.645
11.649
11.653
11.657
11.662
11.666
11.67
11.674
11.678
11.682
11.687
11.691
11.695
11.699
11.703
11.708
11.712
11.716
11.72
11.724
11.728
11.733
11.737
11.741
11.745
11.749
11.753
11.758
11.762
11.766
11.77
11.774
11.778
11.783
11.787
11.791
11.795
11.799
11.803
11.808
11.812
11.816
11.82
11.824
11.828
11.833
11.837
11.841
11.845
11.849
11.854
11.858
11.862
11.866
11.87
11.874
11.879
11.883
11.887
11.891
11.895
11.899
11.904
11.908
11.912
11.916
11.92
11.924
11.929
11.933
11.937
11.941
11.945
11.949
11.954
