2.8076,-2.5666,-2.5634,2.8175
2.815,-2.5592,-2.5659,2.8273
2.817,-2.5571,-2.5672,2.8233
2.8124,-2.5611,-2.5679,2.8264
2.8123,-2.5611,-2.5636,2.8212
2.8108,-2.5529,-2.5706,2.8236
2.8131,-2.5562,-2.5742,2.8278
2.8137,-2.5562,-2.5709,2.827
2.8109,-2.5556,-2.5682,2.8258
2.8204,-2.5698,-2.5664,2.8298
2.8198,-2.5725,-2.5597,2.8316
2.8243,-2.568,-2.5569,2.8234
2.8109,-2.5637,-2.5528,2.82
2.8103,-2.5576,-2.5321,2.8158
2.8145,-2.5508,-2.533,2.8143
2.8146,-2.542,-2.5188,2.8203
2.8153,-2.5397,-2.5071,2.8204
2.8068,-2.5167,-2.4959,2.8157
2.8153,-2.5152,-2.4754,2.8131
2.801,-2.504,-2.4655,2.8139
2.7949,-2.4885,-2.433,2.8028
2.7994,-2.4704,-2.4116,2.7845
2.7835,-2.4506,-2.3976,2.8026
2.7942,-2.4335,-2.3614,2.7943
2.796,-2.4235,-2.3296,2.7896
2.7833,-2.3896,-2.3012,2.7808
2.7815,-2.3685,-2.2653,2.774
2.7701,-2.3339,-2.2253,2.7647
2.7633,-2.3079,-2.1802,2.7449
2.7594,-2.2875,-2.1473,2.7515
2.7461,-2.2437,-2.1106,2.738
2.7291,-2.2113,-2.0606,2.7183
2.7083,-2.1728,-2.0208,2.7119
2.703,-2.1487,-1.9676,2.6849
2.6893,-2.1099,-1.9346,2.6754
2.6621,-2.0716,-1.8938,2.6631
2.6357,-2.0264,-1.8499,2.6288
2.6234,-1.998,-1.8059,2.6012
2.5963,-1.9545,-1.7726,2.59
2.5718,-1.9246,-1.7244,2.546
2.5412,-1.8828,-1.6936,2.5258
2.5029,-1.842,-1.6619,2.4955
2.4778,-1.8042,-1.6281,2.4684
2.4595,-1.7737,-1.5924,2.4349
2.4267,-1.7398,-1.5665,2.4117
2.3881,-1.7044,-1.5277,2.3822
2.3593,-1.6721,-1.4991,2.3456
2.3252,-1.6358,-1.4665,2.3083
2.2862,-1.5931,-1.4354,2.2708
2.2344,-1.5528,-1.4133,2.2434
2.1968,-1.5245,-1.3823,2.2069
2.1617,-1.4934,-1.3487,2.171
2.1208,-1.4488,-1.3261,2.1422
2.0953,-1.4213,-1.2931,2.0965
2.0559,-1.3929,-1.2751,2.0722
2.0039,-1.346,-1.2445,2.03
1.9574,-1.3112,-1.2132,1.9826
1.931,-1.276,-1.1976,1.9556
1.883,-1.2435,-1.1759,1.9234
1.8458,-1.2105,-1.1427,1.8845
1.802,-1.1837,-1.1278,1.8525
1.7591,-1.145,-1.1018,1.8064
1.7144,-1.1101,-1.0859,1.7732
1.6727,-1.0779,-1.0647,1.7308
1.6317,-1.0507,-1.0335,1.6941
1.5999,-1.0296,-1.0266,1.6644
1.5461,-0.98908,-0.99284,1.6207
1.5044,-0.95892,-0.97574,1.5844
1.464,-0.93187,-0.95301,1.5478
1.4152,-0.90232,-0.94005,1.5239
1.3775,-0.87264,-0.92748,1.4838
1.3287,-0.84056,-0.89724,1.4297
1.2761,-0.81387,-0.87749,1.3956
1.2512,-0.79545,-0.85963,1.3587
1.1993,-0.76488,-0.84267,1.3134
1.1455,-0.73115,-0.82226,1.2775
1.0936,-0.69545,-0.79939,1.2346
1.0559,-0.66816,-0.78869,1.1924
0.99924,-0.62975,-0.76438,1.15
0.95312,-0.61927,-0.7429,1.113
0.91335,-0.59396,-0.7228,1.066
0.8467,-0.55513,-0.70765,1.0237
0.79364,-0.52912,-0.6821,0.97648
0.75392,-0.50575,-0.65814,0.9285
0.69165,-0.47337,-0.64013,0.8885
0.63947,-0.44191,-0.61949,0.84262
0.59601,-0.42734,-0.59602,0.80287
0.53709,-0.38796,-0.57555,0.75143
0.47858,-0.36209,-0.5557,0.70662
0.43209,-0.34778,-0.52144,0.65303
0.39334,-0.32639,-0.51392,0.61587
0.33298,-0.30481,-0.48409,0.56199
0.28452,-0.27419,-0.46443,0.5168
0.24551,-0.24603,-0.44399,0.4677
0.19632,-0.22436,-0.42816,0.42427
0.16192,-0.21377,-0.38916,0.36549
0.10562,-0.17365,-0.37523,0.31806
0.082253,-0.17045,-0.3461,0.27245
0.035823,-0.14492,-0.32049,0.21798
-0.012593,-0.12232,-0.29356,0.1727
-0.034253,-0.10666,-0.27208,0.12961
-0.051572,-0.091704,-0.25812,0.08382
-0.074919,-0.077592,-0.23264,0.043978
-0.09447,-0.067007,-0.21331,0.0017255
-0.10308,-0.063142,-0.18746,-0.042005
-0.10006,-0.061627,-0.1712,-0.077752
-0.098973,-0.053347,-0.1592,-0.1052
-0.10996,-0.043483,-0.13954,-0.13135
-0.098941,-0.046377,-0.12909,-0.15371
-0.092201,-0.048625,-0.11248,-0.17674
-0.083205,-0.050933,-0.090175,-0.19599
-0.065776,-0.0518,-0.0794,-0.20352
-0.069452,-0.037285,-0.075054,-0.21063
-0.059774,-0.026346,-0.0678,-0.21061
-0.027671,-0.036422,-0.054914,-0.22153
-0.010719,-0.03331,-0.063107,-0.2016
0.013255,-0.034843,-0.057733,-0.20237
0.023376,-0.021735,-0.060234,-0.1868
0.048342,-0.03325,-0.050058,-0.18272
0.067272,-0.02985,-0.043108,-0.16991
0.093268,-0.032967,-0.042314,-0.14911
0.10555,-0.028866,-0.051773,-0.11291
0.12721,-0.028738,-0.049972,-0.10069
0.15818,-0.047371,-0.057794,-0.070491
0.19792,-0.062217,-0.064884,-0.041043
0.21058,-0.054315,-0.061303,-0.017648
0.22569,-0.043861,-0.061763,-0.00038848
0.25151,-0.04119,-0.059626,0.020578
0.25606,-0.032624,-0.057836,0.050213
0.27749,-0.036263,-0.060617,0.087463
0.29695,-0.036747,-0.060938,0.11026
0.33746,-0.049352,-0.066885,0.13642
0.35176,-0.051524,-0.071716,0.16777
0.3801,-0.050026,-0.068118,0.1846
0.41415,-0.057794,-0.082174,0.21809
0.42577,-0.054749,-0.078476,0.24084
0.44631,-0.046494,-0.084756,0.26484
0.46898,-0.043418,-0.10018,0.29347
0.49953,-0.05162,-0.099898,0.3189
0.51865,-0.061764,-0.094714,0.34488
0.54351,-0.066148,-0.09399,0.37617
0.55983,-0.057562,-0.10023,0.39781
0.58181,-0.068873,-0.10966,0.43664
0.61186,-0.066438,-0.11107,0.45431
0.61987,-0.049392,-0.11734,0.47705
0.62936,-0.045777,-0.11896,0.51156
0.63853,-0.032974,-0.13537,0.54452
0.6588,-0.037554,-0.12974,0.55934
0.68506,-0.0457,-0.13268,0.58871
0.70389,-0.047678,-0.13688,0.61263
0.7373,-0.055411,-0.14707,0.64784
0.75802,-0.05565,-0.14564,0.66339
0.77407,-0.051938,-0.14916,0.68759
0.80103,-0.048879,-0.14692,0.70765
0.80934,-0.052144,-0.14655,0.72293
0.85789,-0.074577,-0.15136,0.74723
0.90699,-0.098276,-0.15653,0.77781
0.93973,-0.1183,-0.15953,0.80891
0.97456,-0.13945,-0.16175,0.81042
0.97322,-0.12606,-0.16133,0.81446
0.98518,-0.12299,-0.17307,0.82485
0.99976,-0.13751,-0.16574,0.8238
1.0281,-0.14268,-0.1783,0.8314
1.0631,-0.15956,-0.18149,0.84399
1.084,-0.17354,-0.17773,0.84174
1.0819,-0.1714,-0.17869,0.83456
1.0979,-0.16986,-0.18754,0.84485
1.1156,-0.1744,-0.18201,0.8467
1.1394,-0.18654,-0.17913,0.83288
