0.000, 65.870, 1.930, 2.664, 1.787, 2.378
0.002, 65.910, 1.787, 2.521, 1.894, 2.414
0.004, 65.910, 1.930, 2.467, 1.823, 2.378
0.006, 65.830, 1.840, 2.503, 1.858, 2.449
0.008, 65.870, 1.894, 2.485, 1.769, 2.360
0.010, 65.749, 1.912, 2.521, 1.751, 2.646
0.012, 65.628, 2.020, 2.790, 1.840, 2.431
0.014, 65.507, 1.876, 2.521, 1.840, 2.378
0.016, 66.152, 1.769, 2.575, 1.840, 2.360
0.018, 65.749, 1.858, 2.593, 1.858, 2.414
0.020, 65.427, 1.984, 2.485, 1.661, 2.288
0.022, 61.559, 2.807, 2.485, 2.611, 3.309
0.024, 60.068, 3.560, 3.058, 3.076, 3.667
0.026, 61.800, 4.401, 4.007, 4.222, 4.885
0.028, 62.405, 5.583, 4.795, 4.974, 5.583
0.030, 61.156, 6.640, 5.028, 5.959, 6.586
0.032, 59.786, 7.016, 5.941, 6.801, 7.123
0.034, 58.859, 8.413, 6.908, 7.517, 8.108
0.036, 59.423, 9.613, 6.711, 8.663, 9.362
0.038, 60.108, 10.902, 8.574, 9.774, 10.597
0.040, 58.940, 11.385, 9.577, 10.812, 11.278
0.042, 56.240, 12.872, 10.454, 9.953, 12.442
0.044, 55.394, 14.197, 11.582, 11.851, 13.713
0.046, 56.119, 15.182, 12.155, 13.051, 14.877
0.048, 57.167, 16.256, 13.391, 14.591, 16.632
0.050, 55.998, 17.492, 14.519, 15.057, 16.686
0.052, 54.669, 18.674, 15.504, 16.095, 17.850
0.054, 53.822, 19.856, 16.059, 17.134, 19.193
0.056, 54.024, 20.787, 16.919, 18.334, 20.089
0.058, 54.145, 21.002, 18.083, 18.656, 20.680
0.060, 53.460, 22.721, 19.211, 19.677, 21.808
0.062, 52.734, 23.796, 19.766, 20.590, 22.739
0.064, 52.170, 24.691, 20.716, 21.289, 23.617
0.066, 52.614, 25.264, 21.665, 21.468, 24.315
0.068, 52.493, 26.231, 22.596, 22.703, 25.246
0.070, 51.687, 27.073, 22.864, 23.903, 25.980
0.072, 51.002, 28.004, 23.885, 24.619, 26.894
0.074, 50.760, 29.365, 24.852, 26.160, 27.252
0.076, 50.679, 29.222, 25.658, 25.963, 28.219
0.078, 50.236, 31.031, 26.177, 26.786, 28.864
0.080, 50.236, 30.619, 27.162, 27.109, 29.687
0.082, 49.592, 31.192, 27.718, 27.646, 30.368
0.084, 49.189, 32.105, 28.685, 28.040, 30.708
0.086, 48.907, 32.499, 29.043, 28.667, 31.442
0.088, 48.342, 33.323, 28.989, 28.613, 32.123
0.090, 48.544, 33.573, 30.135, 30.225, 32.624
0.092, 50.397, 33.699, 30.547, 30.117, 32.893
0.094, 51.526, 33.269, 30.350, 28.989, 32.678
0.096, 48.101, 32.678, 29.884, 29.132, 31.998
0.098, 47.899, 32.374, 29.168, 28.470, 31.604
0.100, 50.357, 31.711, 28.452, 27.986, 30.708
0.102, 50.921, 31.335, 27.825, 27.503, 30.225
0.104, 49.995, 31.245, 27.574, 27.395, 30.063
0.106, 48.181, 31.425, 27.771, 27.359, 29.902
0.108, 48.786, 31.568, 27.825, 27.395, 30.350
0.110, 49.954, 32.051, 28.291, 27.449, 29.096
0.112, 50.236, 32.195, 27.915, 27.843, 30.404
0.114, 50.921, 32.069, 27.897, 27.431, 30.475
0.116, 49.269, 32.803, 26.625, 27.091, 30.422
0.118, 47.738, 31.514, 25.837, 26.643, 30.171
0.120, 49.551, 31.890, 26.930, 26.231, 29.831
0.122, 50.720, 31.192, 27.574, 25.694, 29.437
0.124, 50.156, 30.493, 26.983, 25.640, 29.204
0.126, 49.269, 30.314, 25.354, 25.586, 28.989
0.128, 48.866, 30.243, 31.818, 25.228, 28.917
0.130, 49.712, 30.440, 28.577, 25.372, 28.953
0.132, 50.236, 30.708, 30.762, 25.318, 28.846
0.134, 49.592, 30.278, 33.412, 25.246, 28.917
0.136, 48.302, 30.010, 25.175, 25.103, 28.899
0.138, 48.826, 29.992, 27.538, 25.157, 28.076
0.140, 49.914, 29.777, 30.941, 25.031, 28.470
0.142, 50.357, 29.419, 28.989, 24.888, 28.434
0.144, 49.189, 29.096, 32.015, 24.673, 28.004
0.146, 49.189, 28.828, 32.141, 21.915, 27.718
0.148, 49.310, 28.685, 28.989, 22.667, 26.858
0.150, 49.753, 27.359, 25.443, 24.046, 27.341
0.152, 49.592, 28.613, 27.503, 24.100, 27.288
0.154, 49.632, 28.452, 27.718, 22.632, 27.073
0.156, 49.390, 28.309, 29.473, 24.637, 27.037
0.158, 49.753, 28.147, 24.548, 25.031, 26.733
0.160, 49.874, 28.022, 24.673, 24.118, 26.822
0.162, 49.793, 27.628, 24.996, 23.832, 26.679
0.164, 49.390, 27.431, 25.210, 23.832, 26.267
0.166, 49.551, 27.162, 24.118, 23.599, 26.016
0.168, 49.874, 26.840, 24.942, 23.402, 25.766
0.170, 49.753, 26.643, 23.599, 22.847, 25.604
0.172, 49.793, 26.571, 23.867, 23.187, 25.479
0.174, 49.712, 26.464, 23.115, 23.617, 25.049
0.176, 49.712, 26.374, 23.044, 23.133, 24.727
0.178, 49.712, 26.034, 22.811, 23.115, 24.852
0.180, 49.632, 25.389, 22.739, 23.026, 24.924
0.182, 49.592, 25.533, 22.739, 22.900, 26.142
0.184, 49.551, 25.497, 22.739, 23.008, 24.494
0.186, 49.793, 23.957, 22.847, 22.847, 24.369
0.188, 49.833, 23.617, 22.417, 22.847, 24.225
0.190, 49.511, 23.438, 22.435, 22.739, 23.706
0.192, 49.471, 23.330, 22.166, 22.757, 23.563
0.194, 49.833, 24.834, 22.274, 22.667, 23.670
0.196, 49.793, 24.834, 22.202, 22.560, 23.402
0.198, 49.632, 24.584, 22.291, 22.524, 23.258
0.200, 49.511, 24.458, 23.867, 22.453, 23.205
0.202, 49.632, 24.208, 22.739, 22.220, 23.151
0.204, 49.793, 24.046, 22.578, 22.363, 22.900
0.206, 49.833, 23.599, 22.435, 21.289, 22.864
0.208, 49.672, 23.330, 21.915, 22.166, 22.685
0.210, 49.712, 23.527, 21.790, 22.148, 22.667
0.212, 49.592, 23.061, 21.969, 22.309, 22.524
0.214, 49.793, 23.402, 21.862, 22.363, 23.294
0.216, 49.753, 23.348, 21.880, 22.220, 23.258
0.218, 49.712, 22.811, 21.790, 22.184, 22.560
0.220, 49.793, 23.097, 21.826, 22.005, 22.166
0.222, 49.793, 22.453, 21.880, 22.220, 22.023
0.224, 49.874, 22.936, 21.754, 22.077, 22.112
0.226, 49.712, 22.847, 21.700, 22.345, 25.228
0.228, 49.632, 22.685, 21.647, 22.220, 23.867
0.230, 49.712, 22.435, 21.629, 22.220, 28.326
0.232, 49.793, 22.632, 21.629, 22.148, 22.470
0.234, 49.833, 22.470, 21.342, 22.202, 21.414
0.236, 49.753, 22.381, 21.468, 22.130, 21.629
0.238, 49.712, 21.324, 21.647, 22.112, 24.763
0.240, 49.753, 22.220, 21.826, 20.608, 22.775
0.242, 49.793, 22.130, 20.519, 22.094, 21.575
0.244, 49.833, 22.291, 21.521, 23.366, 21.736
0.246, 49.833, 22.112, 21.700, 22.059, 21.736
0.248, 49.914, 22.130, 24.387, 22.166, 21.593
0.250, 49.914, 21.969, 24.745, 22.166, 21.611
0.252, 49.833, 21.844, 22.775, 22.202, 21.665
0.254, 49.874, 21.862, 22.148, 22.166, 21.557
0.256, 49.833, 21.683, 22.811, 22.112, 21.414
0.258, 49.874, 21.665, 21.378, 22.202, 21.289
0.260, 49.914, 21.790, 22.274, 22.148, 20.877
0.262, 49.954, 21.557, 19.981, 22.148, 20.787
0.264, 49.914, 21.468, 22.453, 21.951, 20.966
0.266, 49.954, 21.808, 21.862, 22.112, 20.769
0.268, 49.914, 21.969, 21.181, 21.235, 20.805
0.270, 49.793, 21.647, 21.199, 21.199, 20.698
0.272, 49.793, 21.683, 20.590, 22.059, 20.823
0.274, 49.753, 21.306, 21.092, 22.184, 21.486
0.276, 49.833, 20.250, 19.910, 20.357, 21.575
0.278, 49.914, 21.647, 20.733, 21.306, 23.814
0.280, 49.833, 21.611, 21.271, 21.450, 20.698
0.282, 49.914, 21.754, 21.056, 21.611, 20.465
0.284, 49.914, 21.754, 21.074, 21.897, 20.465
0.286, 49.954, 21.450, 20.196, 21.933, 20.465
0.288, 49.833, 19.158, 21.378, 21.880, 20.572
0.290, 49.914, 21.271, 21.486, 21.969, 20.751
0.292, 49.914, 21.002, 22.560, 22.202, 20.250
0.294, 49.995, 21.611, 23.545, 21.790, 19.426
0.296, 49.995, 21.521, 22.005, 21.647, 19.784
0.298, 50.075, 21.486, 20.823, 21.808, 19.874
0.300, 49.914, 21.665, 20.930, 21.772, 19.963
0.302, 49.914, 21.253, 22.220, 21.969, 19.820
0.304, 49.954, 21.360, 22.202, 22.184, 20.286
0.306, 49.914, 21.306, 21.521, 22.506, 19.766
0.308, 49.914, 21.414, 21.647, 23.008, 19.695
0.310, 49.914, 21.414, 21.790, 23.348, 19.731
0.312, 49.672, 21.396, 21.933, 23.778, 19.838
0.314, 49.672, 21.414, 21.790, 24.727, 19.838
0.316, 49.914, 21.450, 23.008, 24.745, 20.877
0.318, 50.035, 21.217, 21.611, 25.354, 21.969
0.320, 49.712, 21.342, 22.309, 24.852, 20.930
0.322, 49.511, 21.378, 22.291, 24.727, 22.041
0.324, 48.625, 21.127, 22.309, 24.799, 20.966
0.326, 50.962, 20.429, 21.503, 24.369, 19.856
0.328, 50.236, 19.981, 20.322, 23.044, 19.140
0.330, 48.947, 19.390, 19.910, 21.862, 18.746
0.332, 48.987, 18.584, 21.235, 22.864, 19.354
0.334, 49.753, 17.993, 18.996, 19.104, 18.226
0.336, 50.277, 17.528, 18.226, 25.282, 17.582
0.338, 49.672, 16.113, 18.083, 19.928, 16.758
0.340, 49.189, 16.364, 17.635, 19.175, 16.239
0.342, 49.310, 15.648, 18.423, 18.853, 16.149
0.344, 49.350, 16.292, 17.492, 18.173, 16.758
0.346, 50.196, 15.128, 16.597, 17.922, 16.292
0.348, 49.833, 14.591, 15.522, 16.364, 15.845
0.350, 49.189, 13.875, 15.630, 15.415, 15.289
0.352, 49.108, 13.785, 14.681, 14.698, 15.307
0.354, 49.833, 13.355, 14.949, 14.466, 15.236
0.356, 49.954, 12.818, 14.573, 14.107, 15.021
0.358, 49.672, 12.442, 14.304, 13.606, 16.256
0.360, 49.229, 12.209, 13.839, 13.176, 13.409
0.362, 49.229, 11.582, 13.427, 12.943, 12.585
0.364, 49.793, 11.117, 13.248, 12.388, 12.335
0.366, 49.914, 10.991, 13.051, 11.887, 12.245
0.368, 49.551, 10.830, 12.729, 12.227, 13.445
0.370, 49.471, 10.526, 12.800, 11.332, 11.242
0.372, 49.551, 10.168, 13.087, 11.153, 11.153
0.374, 49.995, 9.810, 11.654, 10.741, 10.974
0.376, 49.753, 9.630, 11.529, 10.329, 11.457
0.378, 49.430, 9.308, 10.920, 10.329, 12.388
0.380, 49.471, 8.986, 10.830, 9.774, 11.296
0.382, 49.753, 8.735, 12.800, 9.577, 9.845
0.384, 49.793, 8.359, 14.161, 9.290, 9.666
0.386, 49.672, 8.359, 15.970, 9.057, 9.004
0.388, 49.269, 8.162, 14.519, 8.932, 8.431
0.390, 49.753, 7.804, 13.678, 8.574, 8.502
0.392, 49.712, 7.840, 8.681, 8.234, 8.055
0.394, 49.833, 7.553, 8.305, 8.037, 8.055
0.396, 49.592, 7.356, 8.090, 8.735, 7.768
0.398, 49.511, 7.284, 7.840, 9.254, 7.571
0.400, 49.712, 6.944, 7.607, 8.449, 8.699
0.402, 49.793, 6.873, 7.768, 8.574, 7.249
0.404, 49.632, 6.765, 7.231, 7.983, 7.195
0.406, 49.672, 6.479, 6.962, 7.571, 7.034
0.408, 49.632, 6.407, 6.873, 7.625, 6.819
0.410, 49.712, 6.300, 6.801, 7.661, 6.908
0.412, 49.712, 6.085, 6.514, 7.768, 6.622
0.414, 49.672, 6.138, 5.995, 9.290, 6.622
0.416, 49.672, 5.923, 6.264, 7.965, 6.371
0.418, 49.672, 5.816, 6.156, 7.302, 5.941
0.420, 49.793, 5.709, 6.103, 6.711, 5.977
0.422, 49.712, 5.512, 5.906, 6.138, 5.691
0.424, 49.672, 5.530, 5.852, 6.282, 5.619
0.426, 49.672, 5.440, 5.762, 6.210, 5.547
0.428, 49.672, 5.243, 5.673, 7.088, 5.350
0.430, 49.632, 5.010, 5.601, 5.583, 5.404
0.432, 49.672, 5.100, 5.476, 5.386, 5.404
0.434, 49.753, 5.100, 5.368, 5.350, 5.350
0.436, 49.672, 4.831, 5.350, 5.100, 5.207
0.438, 49.592, 4.956, 5.207, 4.974, 5.136
0.440, 49.753, 4.831, 5.189, 4.939, 4.974
0.442, 49.672, 4.759, 5.171, 5.010, 4.956
0.444, 49.672, 4.742, 5.082, 6.998, 4.849
0.446, 49.753, 4.634, 4.956, 6.335, 4.795
0.448, 49.712, 4.545, 4.921, 5.726, 4.670
0.450, 49.793, 4.527, 4.652, 6.676, 4.724
0.452, 49.672, 4.509, 4.688, 6.407, 4.742
0.454, 49.712, 4.509, 4.562, 5.010, 4.491
0.456, 49.793, 4.294, 4.365, 4.795, 4.706
0.458, 49.793, 4.455, 4.401, 4.616, 4.383
0.460, 49.632, 4.509, 4.186, 4.706, 4.473
0.462, 49.793, 4.383, 4.025, 4.795, 4.455
0.464, 49.753, 4.365, 4.115, 4.473, 4.437
0.466, 49.753, 4.240, 3.775, 4.330, 4.276
0.468, 49.712, 4.240, 3.685, 4.186, 4.383
0.470, 49.712, 4.097, 3.900, 4.258, 4.867
0.472, 49.672, 3.989, 3.703, 4.168, 4.240
0.474, 49.712, 4.115, 4.079, 4.222, 4.186
0.476, 49.712, 3.757, 4.061, 4.061, 4.312
0.478, 49.753, 3.846, 4.168, 3.972, 4.222
0.480, 49.753, 4.025, 4.168, 3.918, 4.330
0.482, 49.672, 3.954, 4.115, 3.918, 4.133
0.484, 49.672, 4.043, 4.330, 3.846, 3.022
0.486, 49.632, 4.186, 4.240, 3.792, 4.133
0.488, 49.712, 4.043, 4.312, 3.506, 4.061
0.490, 49.592, 3.972, 4.294, 3.649, 4.365
0.492, 49.632, 3.972, 4.061, 3.631, 4.043
0.494, 49.672, 3.846, 4.240, 3.434, 3.918
0.496, 49.712, 3.810, 4.365, 3.631, 4.097
0.498, 49.793, 3.828, 4.204, 3.667, 4.634
0.500, 49.712, 3.792, 4.133, 3.649, 4.007
0.502, 49.712, 3.828, 4.061, 2.969, 4.007
0.504, 49.632, 3.685, 4.133, 3.542, 3.972
0.506, 49.793, 3.721, 4.115, 3.434, 3.989
0.508, 49.672, 3.631, 4.061, 3.219, 4.401
0.510, 49.672, 3.524, 4.043, 3.416, 4.115
0.512, 49.672, 3.542, 4.007, 3.381, 4.383
0.514, 49.753, 3.560, 4.061, 3.363, 4.419
0.516, 49.753, 3.166, 3.989, 3.291, 4.419
0.518, 49.712, 3.434, 4.168, 3.398, 4.330
0.520, 49.712, 3.416, 4.742, 2.628, 4.545
0.522, 49.672, 3.363, 6.640, 3.327, 4.634
0.524, 49.793, 2.843, 5.637, 3.219, 4.652
0.526, 49.712, 2.825, 6.282, 3.094, 4.688
0.528, 49.632, 2.772, 8.556, 3.381, 4.652
0.530, 49.712, 2.736, 8.377, 3.184, 4.598
0.532, 49.712, 2.843, 7.714, 3.040, 4.580
0.534, 49.712, 2.772, 8.986, 3.004, 4.598
0.536, 49.833, 2.825, 9.129, 3.112, 4.616
0.538, 49.712, 2.807, 8.037, 3.112, 6.013
0.540, 49.914, 3.721, 6.407, 2.861, 4.491
0.542, 49.793, 2.987, 5.852, 3.076, 4.527
0.544, 49.874, 3.058, 7.428, 2.951, 5.333
0.546, 49.833, 3.076, 7.249, 3.040, 4.348
0.548, 49.753, 2.879, 7.267, 3.058, 4.419
0.550, 49.793, 3.058, 7.481, 2.987, 4.222
0.552, 49.793, 3.094, 7.464, 2.951, 4.186
0.554, 49.833, 2.807, 5.315, 2.951, 4.043
0.556, 49.793, 2.234, 6.103, 3.201, 4.025
0.558, 49.712, 3.201, 6.765, 2.772, 3.900
0.560, 49.833, 2.718, 6.532, 2.879, 3.846
0.562, 49.712, 2.718, 8.825, 2.790, 3.792
0.564, 49.833, 3.040, 7.786, 2.772, 3.685
0.566, 49.753, 3.022, 10.042, 2.915, 3.667
0.568, 49.874, 3.004, 7.016, 2.879, 3.542
0.570, 49.793, 2.825, 6.514, 2.915, 3.703
0.572, 49.833, 2.879, 5.189, 2.807, 3.757
0.574, 49.874, 2.879, 4.885, 2.790, 3.309
0.576, 49.793, 2.843, 4.491, 2.825, 3.434
0.578, 49.793, 2.718, 3.775, 2.628, 3.578
0.580, 49.793, 2.754, 3.900, 2.593, 3.524
0.582, 49.914, 2.718, 4.204, 2.700, 4.151
0.584, 49.753, 2.700, 4.598, 2.682, 3.452
0.586, 49.833, 2.682, 4.742, 2.718, 3.506
0.588, 49.753, 2.682, 4.509, 2.396, 3.578
0.590, 49.874, 2.628, 5.315, 2.467, 3.309
0.592, 49.874, 2.431, 4.401, 2.557, 3.506
0.594, 49.874, 2.628, 4.527, 2.646, 3.470
0.596, 49.954, 2.646, 4.204, 2.718, 3.434
0.598, 49.753, 2.181, 3.972, 2.718, 3.381
0.600, 49.833, 2.664, 4.312, 2.897, 3.363
0.602, 49.833, 2.593, 4.240, 2.646, 4.079
0.604, 49.833, 2.575, 4.276, 2.664, 3.416
0.606, 49.954, 2.646, 4.097, 2.485, 2.933
0.608, 49.954, 2.557, 4.115, 2.754, 3.166
0.610, 49.833, 2.539, 3.900, 2.682, 3.237
0.612, 49.914, 2.449, 3.810, 2.575, 3.685
0.614, 49.874, 3.309, 4.043, 2.628, 3.649
0.616, 49.833, 2.270, 3.166, 2.234, 2.915
0.618, 49.954, 2.324, 10.562, 2.754, 3.004
0.620, 49.833, 1.840, 4.777, 2.521, 3.273
0.622, 49.914, 2.270, 4.849, 2.503, 3.918
0.624, 49.874, 2.270, 4.992, 2.611, 3.416
0.626, 49.995, 2.217, 3.936, 2.449, 3.488
0.628, 50.035, 2.306, 3.792, 2.396, 3.398
0.630, 49.833, 2.754, 5.064, 2.306, 3.578
0.632, 49.914, 2.073, 5.941, 2.342, 2.324
0.634, 49.914, 2.037, 5.816, 2.288, 3.273
0.636, 49.874, 2.037, 5.565, 2.288, 3.130
0.638, 49.833, 2.145, 5.512, 2.324, 3.166
0.640, 49.874, 1.984, 5.458, 2.342, 3.130
0.642, 49.793, 2.091, 5.673, 2.288, 3.148
0.644, 49.833, 2.037, 9.147, 2.252, 3.237
0.646, 49.753, 2.700, 10.275, 2.234, 3.148
0.648, 49.874, 2.467, 6.049, 2.217, 2.825
0.650, 49.793, 2.396, 6.586, 2.037, 2.879
0.652, 49.914, 2.360, 6.479, 2.199, 2.825
0.654, 49.833, 2.234, 10.723, 2.270, 2.772
0.656, 49.793, 1.876, 6.729, 2.181, 2.790
0.658, 49.914, 2.020, 5.565, 2.163, 2.790
0.660, 49.914, 2.396, 4.240, 2.145, 2.807
0.662, 49.954, 2.360, 2.951, 2.055, 2.754
0.664, 49.914, 2.503, 2.915, 2.199, 2.754
0.666, 49.995, 2.646, 2.933, 2.109, 2.682
0.668, 49.954, 2.306, 2.933, 2.073, 2.646
0.670, 49.914, 2.234, 3.649, 1.984, 2.628
0.672, 50.035, 2.234, 4.204, 2.127, 2.682
0.674, 49.874, 2.163, 3.578, 1.948, 2.646
0.676, 50.035, 2.145, 3.076, 2.037, 2.700
0.679, 49.954, 2.199, 3.255, 2.020, 2.628
0.681, 49.954, 2.127, 2.825, 1.805, 2.628
0.683, 49.874, 2.055, 2.682, 1.894, 2.575
0.685, 49.954, 2.037, 2.772, 1.876, 2.593
0.687, 49.954, 1.966, 3.721, 1.876, 2.521
0.689, 49.874, 2.055, 2.611, 1.858, 2.181
0.691, 49.954, 2.002, 3.166, 1.912, 2.217
0.693, 50.035, 1.984, 4.007, 1.751, 2.127
0.695, 49.874, 1.966, 4.133, 1.375, 2.360
0.697, 49.874, 1.966, 2.270, 1.966, 2.163
0.699, 49.874, 2.682, 2.682, 1.733, 2.055
0.701, 49.954, 1.984, 2.037, 1.894, 2.109
0.703, 49.914, 2.055, 3.452, 1.823, 2.181
0.705, 49.995, 1.966, 5.028, 1.948, 2.055
0.707, 50.075, 1.840, 4.885, 1.930, 1.267
0.709, 49.874, 2.002, 3.918, 1.840, 2.145
0.711, 49.954, 1.966, 3.989, 1.823, 2.127
0.713, 49.833, 1.966, 6.156, 1.894, 2.109
0.715, 49.874, 1.984, 5.762, 1.894, 2.252
0.717, 50.035, 1.930, 4.473, 1.858, 2.521
0.719, 49.914, 2.002, 6.550, 1.948, 2.628
0.721, 49.874, 1.948, 7.768, 1.930, 3.219
0.723, 49.995, 1.930, 7.177, 1.948, 5.834
0.725, 49.712, 2.020, 5.547, 1.966, 2.002
0.727, 49.914, 1.984, 3.381, 2.037, 2.199
0.729, 49.995, 1.966, 2.772, 2.002, 2.396
0.731, 50.035, 2.073, 3.398, 1.894, 2.181
0.733, 49.995, 1.912, 3.685, 1.876, 2.288
0.735, 49.995, 2.091, 5.297, 1.930, 1.948
0.737, 49.874, 1.930, 7.553, 1.912, 2.073
0.739, 49.995, 2.037, 5.780, 1.966, 1.948
0.741, 49.914, 1.805, 6.729, 1.876, 1.930
0.743, 50.075, 2.020, 5.726, 2.181, 2.020
0.745, 50.035, 2.020, 2.933, 1.823, 1.930
0.747, 50.035, 2.037, 3.345, 1.948, 1.912
0.749, 49.995, 1.984, 6.586, 1.948, 2.055
0.751, 50.035, 1.984, 9.559, 1.966, 2.002
0.753, 50.075, 2.557, 6.228, 1.930, 1.984
0.755, 50.035, 2.020, 4.527, 1.840, 1.948
0.757, 49.995, 2.073, 6.031, 1.948, 1.966
0.759, 49.995, 2.055, 9.075, 1.894, 1.912
0.761, 49.954, 2.073, 4.885, 2.002, 1.948
0.763, 50.035, 2.467, 4.688, 1.894, 1.912
0.765, 49.874, 2.306, 3.613, 1.876, 1.984
0.767, 50.035, 2.145, 6.926, 1.948, 1.930
0.769, 49.954, 2.109, 8.305, 2.234, 2.127
0.771, 49.954, 2.217, 6.049, 1.876, 1.930
0.773, 49.995, 2.091, 7.338, 2.163, 1.751
0.775, 49.874, 2.055, 6.962, 1.966, 1.733
0.777, 49.995, 1.930, 5.906, 1.876, 1.984
0.779, 49.914, 2.109, 5.977, 1.858, 1.984
0.781, 49.954, 1.912, 6.855, 1.912, 1.894
0.783, 49.874, 2.055, 7.284, 1.948, 2.002
0.785, 49.954, 2.002, 8.449, 1.823, 1.966
0.787, 49.874, 2.020, 11.206, 2.020, 2.002
0.789, 49.833, 2.037, 11.761, 2.557, 1.966
0.791, 49.954, 1.966, 9.290, 2.234, 2.020
0.793, 49.914, 2.073, 8.646, 2.252, 2.055
0.795, 50.035, 1.930, 7.553, 2.163, 2.127
0.797, 49.954, 1.966, 7.374, 2.091, 1.643
0.799, 49.954, 1.930, 7.195, 2.073, 1.876
0.801, 49.954, 2.037, 7.320, 2.020, 1.894
0.803, 50.035, 2.020, 6.604, 2.091, 1.661
0.805, 49.995, 2.002, 6.353, 2.002, 1.858
0.807, 49.914, 2.002, 6.479, 2.020, 1.823
0.809, 49.995, 1.948, 6.783, 1.805, 1.948
0.811, 49.874, 1.984, 7.177, 2.073, 1.858
0.813, 49.954, 1.966, 7.088, 2.020, 1.912
0.815, 50.035, 2.037, 7.105, 2.037, 1.805
0.817, 49.954, 2.002, 7.481, 2.037, 1.930
0.819, 50.035, 2.020, 9.093, 2.002, 1.912
0.821, 49.954, 2.002, 12.299, 0.838, 1.733
0.823, 50.035, 2.037, 12.406, 1.984, 1.876
0.825, 49.995, 1.894, 12.675, 1.984, 1.840
0.827, 50.035, 2.091, 12.263, 2.002, 1.411
0.829, 49.995, 1.912, 9.810, 2.020, 1.858
0.831, 50.115, 2.002, 8.825, 1.948, 1.912
0.833, 50.035, 2.037, 9.039, 1.733, 1.823
0.835, 49.954, 1.966, 9.416, 1.984, 1.912
0.837, 50.035, 2.037, 9.559, 1.805, 1.840
0.839, 49.995, 2.020, 9.881, 1.948, 1.787
0.841, 49.914, 2.020, 11.618, 1.948, 1.876
0.843, 49.995, 2.020, 8.252, 1.984, 1.232
0.845, 49.995, 1.823, 7.535, 2.181, 1.912
0.847, 49.954, 2.020, 7.571, 1.984, 1.948
0.849, 50.115, 2.109, 7.893, 1.966, 1.912
0.851, 50.115, 2.002, 9.219, 1.840, 1.912
0.853, 49.995, 2.073, 11.797, 1.966, 1.876
0.855, 50.115, 2.252, 11.403, 1.805, 1.894
0.857, 50.115, 1.966, 13.140, 1.984, 1.912
0.859, 50.035, 2.073, 15.862, 1.966, 1.948
0.861, 49.954, 2.055, 6.407, 2.055, 1.733
0.863, 50.035, 1.948, 4.992, 2.002, 1.912
0.865, 50.075, 2.020, 5.315, 1.930, 2.037
0.867, 50.115, 2.073, 6.264, 1.948, 1.608
0.869, 49.995, 2.037, 7.302, 1.930, 1.858
0.871, 50.035, 2.055, 10.830, 1.948, 1.912
0.873, 50.035, 1.912, 10.956, 2.020, 1.661
0.875, 50.075, 2.055, 6.013, 2.020, 1.608
0.877, 49.914, 2.109, 7.929, 2.002, 1.984
0.879, 49.995, 2.109, 7.374, 1.375, 1.894
0.881, 49.954, 2.020, 7.607, 1.930, 1.894
0.883, 50.115, 2.020, 7.661, 1.876, 1.912
0.885, 50.075, 2.396, 7.678, 1.966, 1.697
0.887, 49.833, 1.984, 7.034, 1.930, 2.037
0.889, 50.035, 1.876, 7.320, 1.912, 1.912
0.891, 50.075, 1.984, 8.019, 1.894, 1.912
0.893, 50.035, 2.055, 9.039, 1.930, 1.930
0.895, 50.035, 2.002, 8.663, 1.966, 2.145
0.897, 50.115, 2.002, 7.016, 1.984, 2.073
0.899, 49.995, 2.163, 3.757, 1.912, 2.037
0.901, 50.115, 2.002, 5.959, 1.984, 1.984
0.903, 50.075, 1.984, 3.810, 1.930, 1.966
0.905, 50.035, 1.966, 3.828, 1.984, 2.020
0.907, 50.196, 2.055, 3.578, 2.037, 1.948
0.909, 49.995, 2.073, 4.258, 2.020, 1.984
0.911, 50.115, 2.055, 3.954, 1.912, 1.805
0.913, 50.115, 1.930, 3.488, 1.966, 1.966
0.915, 50.196, 1.984, 3.775, 1.984, 2.073
0.917, 49.995, 1.912, 4.007, 1.984, 1.984
0.919, 50.156, 2.145, 4.527, 1.966, 1.984
0.921, 50.115, 1.823, 5.422, 1.966, 1.876
0.923, 50.156, 1.608, 3.936, 1.912, 2.002
0.925, 49.995, 1.984, 8.287, 1.876, 1.608
0.927, 50.156, 2.091, 6.532, 1.912, 1.805
0.929, 50.115, 2.091, 6.604, 1.966, 1.894
0.931, 50.035, 2.091, 5.082, 1.984, 1.966
0.933, 50.075, 2.055, 4.007, 2.342, 1.894
0.935, 50.075, 2.270, 3.918, 2.002, 1.858
0.937, 50.075, 2.145, 2.754, 1.858, 1.858
0.939, 50.035, 2.181, 3.595, 1.894, 1.876
0.941, 50.156, 2.181, 6.192, 1.948, 1.930
0.943, 49.874, 2.020, 3.972, 1.912, 1.823
0.945, 49.995, 1.948, 4.151, 1.572, 1.840
0.947, 50.035, 2.127, 3.775, 1.823, 1.966
0.949, 50.115, 2.181, 5.440, 1.930, 1.930
0.951, 50.075, 2.163, 7.929, 2.020, 1.984
0.953, 50.035, 2.073, 6.443, 2.037, 1.643
0.955, 50.156, 2.145, 4.312, 2.002, 1.823
0.957, 50.115, 2.073, 9.416, 1.966, 1.876
0.959, 50.075, 2.020, 5.279, 1.966, 1.823
0.961, 50.115, 2.091, 6.550, 1.769, 2.002
0.963, 50.156, 2.163, 4.939, 1.858, 1.840
0.965, 50.115, 1.948, 3.667, 1.894, 1.984
0.967, 49.833, 2.091, 6.174, 2.073, 1.930
0.969, 50.075, 2.073, 14.072, 1.876, 2.020
0.971, 50.559, 2.109, 3.381, 1.930, 1.823
0.973, 50.236, 2.342, 2.127, 2.020, 1.966
0.975, 50.115, 2.199, 2.360, 1.912, 1.984
0.977, 50.075, 2.199, 2.020, 1.966, 1.948
0.979, 50.035, 2.217, 2.002, 1.966, 1.751
0.981, 49.995, 2.127, 2.037, 1.876, 1.840
0.983, 50.115, 2.234, 2.002, 2.037, 2.861
0.985, 49.995, 2.109, 2.020, 1.930, 1.858
0.987, 50.156, 2.252, 1.966, 1.894, 2.002
0.989, 50.236, 2.199, 2.109, 1.948, 1.894
0.991, 50.075, 2.127, 2.181, 1.948, 2.485
0.993, 49.995, 2.091, 2.109, 1.912, 1.876
0.995, 50.115, 2.199, 2.234, 2.002, 1.966
0.997, 50.156, 2.091, 2.539, 1.858, 1.769
0.999, 50.115, 2.127, 3.022, 1.912, 1.876
